Start Time : 1629533053 s
Nodes : 7115
Edges : 103689
MonteCarloSimulations : 100
Steps : 100
30,360.0
1412,1.0
3352,1643.0
5254,1240.0
5543,1649.0
7478,1.0
3,926.0
28,1634.0
39,1486.0
54,414.0
108,17.0
152,844.0
178,1583.0
182,1611.0
214,1.0
271,1.0
286,1.0
300,1.0
348,1021.0
349,1.0
371,1617.0
567,298.0
581,1.0
584,330.0
586,810.0
590,561.0
604,873.0
611,1.0
8283,1.0
25,1566.0
6,1661.0
8,1657.0
19,1276.0
23,1624.0
29,1632.0
33,1140.0
35,1463.0
50,460.0
55,1568.0
75,1107.0
80,1547.0
86,1608.0
94,1519.0
127,1654.0
154,1502.0
192,1107.0
224,660.0
226,1202.0
246,116.0
252,1.0
255,1649.0
257,448.0
261,198.0
273,477.0
280,1553.0
282,1187.0
299,1.0
302,725.0
306,1655.0
308,1629.0
310,1648.0
322,1.0
325,940.0
339,1616.0
356,1006.0
358,1.0
363,295.0
370,1.0
373,1.0
377,1.0
379,1.0
407,1645.0
415,215.0
422,1.0
428,1.0
439,396.0
488,279.0
514,1.0
545,1138.0
549,132.0
560,68.0
592,462.0
600,1646.0
645,990.0
650,1581.0
659,676.0
664,516.0
667,1102.0
673,313.0
675,1.0
696,216.0
706,1513.0
723,17.0
739,1.0
756,1.0
857,1.0
864,1.0
893,1.0
959,676.0
994,1578.0
1131,1.0
3755,1.0
8282,1.0
8284,1.0
4,1326.0
10,1544.0
38,991.0
56,1024.0
130,678.0
140,944.0
147,1550.0
151,1604.0
232,1125.0
243,135.0
341,1450.0
606,181.0
5,1043.0
61,1.0
89,1222.0
93,34.0
153,50.0
163,611.0
167,1.0
168,808.0
175,150.0
34,594.0
132,1039.0
135,365.0
171,1569.0
183,1.0
216,544.0
219,1.0
227,646.0
228,264.0
236,1506.0
250,1.0
258,428.0
259,1531.0
274,1.0
285,464.0
290,1568.0
298,1.0
301,1.0
304,1547.0
317,1646.0
319,1659.0
359,1.0
362,66.0
378,1.0
390,1.0
391,1.0
392,1.0
394,1.0
396,1.0
402,1.0
405,926.0
406,1284.0
421,1.0
427,382.0
431,1.0
432,1646.0
433,1.0
435,1.0
440,561.0
447,757.0
538,1.0
564,842.0
566,1.0
579,329.0
589,1.0
609,1.0
613,17.0
616,83.0
617,1.0
619,1.0
643,1348.0
656,1.0
665,476.0
668,67.0
691,1280.0
694,1.0
700,1.0
704,1629.0
717,215.0
730,1006.0
733,282.0
741,1.0
761,414.0
765,1.0
779,1.0
789,1649.0
791,1432.0
798,855.0
802,247.0
813,1643.0
820,891.0
826,1648.0
863,183.0
871,1531.0
881,1.0
885,265.0
895,183.0
897,67.0
904,1631.0
906,1.0
907,611.0
913,377.0
922,1654.0
932,67.0
936,1.0
955,1.0
960,1251.0
963,1.0
966,1.0
971,1631.0
972,1.0
978,1535.0
979,1.0
983,1.0
991,1.0
993,1642.0
995,1.0
1007,1.0
1014,1.0
1022,823.0
1026,1.0
1032,1495.0
1035,789.0
1043,891.0
1055,1648.0
1062,1644.0
1125,1332.0
1144,607.0
1152,1.0
1156,298.0
1160,1237.0
1167,1613.0
1168,181.0
1218,1.0
1220,1.0
1221,1604.0
1222,1.0
1234,1154.0
1241,1388.0
1248,1121.0
1253,1315.0
1261,458.0
1297,1628.0
1321,1.0
1326,264.0
1377,1232.0
1389,1.0
1390,1339.0
1394,530.0
1396,1.0
1428,1644.0
1439,708.0
1441,1350.0
1442,1241.0
1446,83.0
1453,1.0
1464,1.0
1465,510.0
1468,988.0
1471,1595.0
1472,117.0
1476,1.0
1478,1.0
1484,1.0
1485,1.0
1487,1618.0
1489,1551.0
1490,1.0
1497,1237.0
1501,1437.0
1506,1416.0
1507,197.0
1513,1.0
1514,1.0
1518,1.0
1524,134.0
1525,1370.0
1531,1.0
1532,1.0
1533,1.0
1538,1613.0
1549,1646.0
1555,1620.0
1556,1.0
1557,1.0
1563,1.0
1569,1.0
1573,1.0
1587,396.0
1597,1.0
1610,919.0
1619,512.0
1641,183.0
1648,1.0
1652,1.0
1654,1.0
1657,1.0
1662,265.0
1669,1.0
1679,1.0
1689,50.0
1692,1.0
1701,1629.0
1716,131.0
1718,1.0
1752,1.0
1758,1.0
1768,1.0
1774,1.0
1783,1579.0
1787,1.0
1788,1.0
1798,1.0
1861,1.0
1864,1.0
1982,1233.0
2409,1.0
2651,1645.0
2843,1.0
2909,1630.0
3892,1.0
4037,821.0
4134,115.0
4792,1470.0
4942,1.0
5323,329.0
5697,1645.0
6227,83.0
6330,17.0
6624,1626.0
6765,83.0
6790,991.0
6965,1.0
7161,1.0
7632,1.0
8290,1.0
7,1041.0
32,99.0
105,135.0
524,1.0
1190,381.0
1193,1295.0
1425,1.0
1919,1645.0
8287,1.0
36,1653.0
49,776.0
144,1.0
150,1116.0
389,1.0
506,1.0
587,855.0
607,1.0
622,1.0
624,1.0
627,1.0
628,1.0
631,0.0
636,729.0
637,1153.0
657,17.0
658,426.0
674,790.0
677,50.0
681,1.0
687,1.0
715,1139.0
719,427.0
725,462.0
749,1603.0
760,82.0
778,1.0
806,1.0
810,1254.0
817,1.0
822,890.0
844,1352.0
866,1.0
868,1.0
875,1.0
878,1.0
882,214.0
938,1.0
977,1.0
1092,1.0
9,1608.0
517,1.0
559,17.0
626,1255.0
918,1037.0
982,1336.0
1049,246.0
1103,592.0
1384,1481.0
1580,1.0
1618,1.0
1717,1627.0
1855,624.0
1966,936.0
743,1.0
746,1.0
748,1.0
750,1.0
11,1676.0
15,1463.0
72,1648.0
95,115.0
204,478.0
230,608.0
313,1597.0
332,1.0
334,1369.0
338,34.0
350,100.0
372,1.0
429,34.0
465,561.0
575,67.0
608,164.0
644,1121.0
647,1058.0
684,82.0
705,1232.0
707,1652.0
710,1645.0
722,1641.0
744,1.0
762,1323.0
763,1552.0
764,1417.0
771,427.0
793,1.0
803,299.0
805,1644.0
825,1651.0
829,1.0
836,1368.0
837,149.0
838,1306.0
839,1.0
849,1.0
853,658.0
859,1018.0
873,330.0
887,1.0
908,249.0
929,1.0
934,1.0
935,1005.0
937,1238.0
941,1612.0
942,1.0
943,1316.0
945,1.0
946,1616.0
947,1170.0
956,1452.0
958,1.0
968,281.0
975,579.0
985,643.0
989,1.0
999,527.0
1000,1514.0
1006,1651.0
1012,183.0
1018,345.0
1031,888.0
1034,1352.0
1061,281.0
1075,1566.0
1080,68.0
1097,1616.0
1111,1615.0
1124,1042.0
1127,1583.0
1128,792.0
1137,1648.0
1151,1644.0
1154,1.0
1164,1268.0
1165,760.0
1185,1400.0
1186,1.0
1191,1.0
1196,381.0
1199,309.0
1200,1631.0
1201,1296.0
1203,777.0
1211,1592.0
1230,1365.0
1239,116.0
1243,150.0
1250,1.0
1259,1515.0
1260,180.0
1279,1623.0
1282,478.0
1284,840.0
1285,1217.0
1286,1578.0
1296,494.0
1305,1650.0
1307,1.0
1310,83.0
1319,1628.0
1322,774.0
1330,1.0
1353,1385.0
1360,1070.0
1372,1.0
1374,1640.0
1375,18.0
1378,697.0
1382,1104.0
1385,1268.0
1402,1.0
1407,181.0
1411,1.0
1413,1.0
1418,1.0
1420,298.0
1435,1.0
1437,1.0
1444,99.0
1482,1264.0
1486,1.0
1492,1648.0
1496,1644.0
1520,234.0
1521,1650.0
1534,164.0
1542,1650.0
1547,970.0
1550,1518.0
1565,542.0
1566,1499.0
1583,1628.0
1585,1629.0
1592,975.0
1608,1642.0
1613,757.0
1621,1640.0
1622,1594.0
1628,687.0
1629,0.0
1633,1.0
1637,17.0
1638,231.0
1646,375.0
1649,1.0
1653,1.0
1658,662.0
1661,1619.0
1672,1.0
1680,280.0
1687,311.0
1688,1087.0
1697,1596.0
1700,1614.0
1706,234.0
1707,1367.0
1714,392.0
1726,1.0
1729,875.0
1730,1400.0
1732,1122.0
1746,478.0
1747,279.0
1749,1598.0
1757,727.0
1769,1562.0
1771,1.0
1772,1630.0
1780,1.0
1791,1.0
1802,1.0
1805,149.0
1811,1550.0
1816,564.0
1835,1625.0
1836,1074.0
1842,1.0
1847,1366.0
1848,922.0
1849,183.0
1857,528.0
1858,17.0
1859,364.0
1880,1.0
1884,1.0
1888,1225.0
1893,1.0
1901,1.0
1903,1.0
1908,594.0
1920,1.0
1927,115.0
1953,1.0
1956,1.0
1963,1.0
1964,613.0
1965,606.0
1969,1.0
1973,1.0
1977,1400.0
1979,295.0
1983,1.0
1985,1569.0
1987,1.0
1990,1422.0
1991,1536.0
1992,1201.0
1997,1650.0
2004,1.0
2007,1.0
2014,810.0
2055,1.0
2060,1.0
2062,1645.0
2066,1.0
2071,346.0
2073,1.0
2076,1.0
2079,1.0
2085,1305.0
2091,349.0
2095,196.0
2097,182.0
2101,1.0
2109,1478.0
2114,1447.0
2117,937.0
2119,231.0
2128,444.0
2134,573.0
2137,1.0
2144,1169.0
2145,1643.0
2151,1.0
2157,0.0
2168,230.0
2178,233.0
2181,50.0
2182,1.0
2193,921.0
2202,1.0
2205,1.0
2206,773.0
2210,874.0
2237,1645.0
2240,1651.0
2241,1050.0
2246,561.0
2252,1154.0
2253,1.0
2257,1530.0
2273,1.0
2289,987.0
2294,524.0
2328,1647.0
2329,1.0
2332,1289.0
2333,1.0
2339,1.0
2341,1.0
2345,1.0
2350,1.0
2362,0.0
2364,821.0
2381,1620.0
2384,1635.0
2385,1.0
2397,1.0
2400,1.0
2410,1453.0
2411,1641.0
2426,1.0
2435,1355.0
2456,1133.0
2470,1.0
2475,326.0
2479,1.0
2484,1.0
2485,1645.0
2490,1.0
2499,1.0
2504,1611.0
2506,1450.0
2508,759.0
2517,314.0
2535,1616.0
2544,842.0
2565,1643.0
2570,198.0
2575,1.0
2579,1.0
2580,1.0
2585,1527.0
2587,906.0
2593,1333.0
2595,1567.0
2604,1.0
2612,1332.0
2619,1564.0
2625,1.0
2643,1.0
2646,1386.0
2653,1643.0
2655,1496.0
2657,1495.0
2665,509.0
2669,1.0
2685,1.0
2686,1632.0
2696,1647.0
2720,1.0
2727,1528.0
2746,1336.0
2754,1.0
2760,1072.0
2763,1.0
2775,1530.0
2777,1.0
2787,149.0
2794,1.0
2811,791.0
2859,1646.0
2871,1646.0
2900,1333.0
2923,1517.0
2932,1615.0
2958,1468.0
2981,1514.0
3002,527.0
3005,1300.0
3007,1071.0
3010,1645.0
3014,1.0
3024,1562.0
3026,1644.0
3028,1632.0
3034,1510.0
3059,1548.0
3073,1367.0
3084,1596.0
3092,1645.0
3114,1.0
3117,1.0
3125,937.0
3136,1.0
3140,1.0
3144,1626.0
3180,1170.0
3192,1614.0
3258,1644.0
3260,647.0
3284,922.0
3291,1572.0
3309,378.0
3321,1086.0
3334,691.0
3394,1644.0
3404,1597.0
3433,688.0
3439,1628.0
3443,1098.0
3447,1647.0
3452,1650.0
3453,1626.0
3454,1649.0
3458,1580.0
3463,1566.0
3464,0.0
3480,1139.0
3529,1.0
3537,1.0
3557,625.0
3562,1415.0
3568,1641.0
3607,1451.0
3615,1650.0
3631,1630.0
3635,1577.0
3645,1447.0
3650,1.0
3660,1595.0
3661,1445.0
3680,1.0
3748,1419.0
3787,1650.0
3800,412.0
3806,1569.0
3807,1.0
3812,1479.0
3830,1038.0
3843,872.0
3847,1.0
3871,379.0
3903,1.0
3926,1.0
3937,1.0
3956,1646.0
3958,862.0
3967,1.0
3970,1.0
4011,1.0
4013,1255.0
4021,1.0
4024,34.0
4040,1614.0
4043,1.0
4044,1627.0
4055,330.0
4058,1.0
4065,1633.0
4072,1285.0
4088,1.0
4103,33.0
4124,1602.0
4162,574.0
4179,1.0
4201,65.0
4212,1500.0
4231,280.0
4247,1.0
4256,1.0
4261,1235.0
4263,83.0
4266,644.0
4269,360.0
4289,1.0
4290,216.0
4297,1532.0
4299,1.0
4335,1354.0
4384,1.0
4417,1.0
4422,623.0
4424,1.0
4463,1.0
4485,923.0
4510,1.0
4528,1.0
4531,952.0
4547,1421.0
4578,0.0
4613,1.0
4661,1133.0
4662,1596.0
4706,313.0
4709,1117.0
4719,1.0
4796,182.0
4808,0.0
4811,1.0
4814,905.0
4820,1.0
4827,116.0
4938,495.0
4962,1.0
5026,1.0
5037,905.0
5055,1.0
5073,1.0
5092,1.0
5100,1.0
5106,1156.0
5130,1.0
5132,1.0
5144,1.0
5802,1647.0
6170,906.0
6496,1.0
6715,1.0
6739,1.0
8286,1.0
8291,1.0
8293,1.0
12,1548.0
663,1645.0
697,1630.0
2708,412.0
3371,1.0
4233,133.0
13,747.0
14,1620.0
324,546.0
368,1.0
477,1.0
797,463.0
1053,1.0
1123,1.0
2016,970.0
8285,1.0
417,478.0
737,1650.0
974,1512.0
2229,1650.0
2398,1532.0
4561,1.0
4600,1137.0
4645,1.0
4658,1.0
7871,1.0
8292,1.0
16,886.0
17,1162.0
18,797.0
20,1665.0
321,942.0
425,1595.0
861,1024.0
896,974.0
981,990.0
1044,510.0
1352,1632.0
1604,199.0
2165,1.0
2281,66.0
2285,972.0
2324,380.0
2348,1.0
2693,1648.0
2774,1510.0
2828,1.0
2877,1.0
3027,1334.0
3456,1642.0
3516,1.0
3614,1653.0
4373,1.0
5327,1.0
5714,1498.0
5775,1431.0
5780,1.0
5814,1647.0
5818,1567.0
6229,1000.0
6262,34.0
6780,233.0
7726,184.0
8288,1.0
21,1516.0
794,727.0
2814,1.0
22,33.0
601,528.0
670,1.0
1029,1635.0
1039,462.0
1593,1.0
24,1657.0
311,1642.0
633,1516.0
742,1608.0
769,1644.0
856,1611.0
1100,147.0
1267,1625.0
1315,327.0
1357,1646.0
1416,642.0
1419,1385.0
1473,1611.0
1548,314.0
1705,1414.0
1723,1.0
1734,1632.0
1754,1168.0
1781,707.0
1808,1650.0
1814,1635.0
1837,1349.0
2209,1369.0
2225,1452.0
2264,1526.0
2276,1051.0
2323,1646.0
2354,100.0
2371,1650.0
2375,1385.0
2516,1263.0
2542,1612.0
2560,1647.0
2660,1647.0
2667,1646.0
2697,1600.0
2707,1640.0
2815,888.0
2819,808.0
2822,1381.0
2830,658.0
2922,1.0
2926,1.0
2955,1.0
2963,1.0
2999,595.0
3018,1159.0
3089,263.0
3164,1.0
3351,1.0
3408,1.0
3410,1.0
3473,1.0
3586,1646.0
3643,1596.0
3792,1285.0
3854,1614.0
3898,330.0
3910,1401.0
4276,1592.0
4310,1650.0
4338,1403.0
4349,1.0
4712,1643.0
4944,197.0
4953,1.0
4999,1.0
5123,1612.0
5162,394.0
5341,217.0
5412,1.0
5423,1429.0
5484,1204.0
5511,84.0
5596,988.0
5863,1.0
6097,1249.0
6272,1578.0
6441,1.0
6566,1.0
6833,67.0
6855,905.0
6869,1.0
6948,1.0
6955,1.0
7119,1.0
7143,1.0
7144,1.0
1030,0.0
1077,1.0
2801,1.0
6251,1.0
1023,873.0
1038,362.0
1166,1644.0
2120,1644.0
2135,1645.0
2297,1654.0
2594,1537.0
2599,560.0
2620,986.0
2689,1387.0
2831,1518.0
2834,363.0
3150,663.0
3274,1623.0
3489,1.0
4099,1646.0
4303,1.0
4483,1628.0
4574,1435.0
4717,1589.0
4781,1337.0
4929,776.0
5022,1631.0
5459,1.0
5529,1117.0
5605,627.0
5799,974.0
5804,1252.0
5822,1585.0
5897,33.0
6006,1626.0
6044,331.0
6151,644.0
6437,1.0
7115,1.0
7289,1.0
7908,0.0
8174,1.0
37,676.0
3976,1653.0
4735,1.0
6123,943.0
40,398.0
26,1579.0
419,1.0
41,1290.0
42,1653.0
823,1008.0
1024,1466.0
6458,1056.0
7108,1.0
43,299.0
44,1291.0
2652,1.0
3813,1630.0
4687,1237.0
4795,1582.0
4875,1.0
5439,1580.0
6306,1.0
6432,1.0
7092,1617.0
8295,1.0
45,530.0
46,1482.0
3435,214.0
3506,1.0
47,1656.0
1236,1642.0
1300,1.0
1564,1301.0
1603,903.0
2185,1.0
3720,842.0
3803,514.0
3897,709.0
3946,1.0
4189,977.0
5922,330.0
6875,511.0
8212,1.0
8294,1.0
48,741.0
51,991.0
52,51.0
53,1432.0
1744,606.0
3276,1629.0
3646,478.0
3717,231.0
4183,1.0
4191,841.0
4235,1.0
4389,1.0
4666,708.0
4764,1550.0
5079,1648.0
5640,84.0
5998,1596.0
840,707.0
5404,1417.0
5545,1.0
5582,1610.0
6198,778.0
6498,1.0
6503,280.0
6913,1513.0
6946,1318.0
7040,1.0
7052,1640.0
7295,789.0
682,265.0
714,1.0
784,1649.0
795,1551.0
1020,1.0
1432,147.0
515,1.0
2211,1.0
57,315.0
58,1420.0
5378,449.0
8237,1.0
59,1581.0
928,1040.0
1595,1.0
1918,1349.0
2174,1484.0
2547,1629.0
2550,1184.0
2724,462.0
2946,1.0
2966,1.0
2972,1648.0
2977,1.0
2979,1.0
3015,1466.0
5624,1122.0
6166,1.0
60,546.0
7624,1.0
62,513.0
2092,283.0
2247,1.0
27,1621.0
2369,1642.0
2917,133.0
4400,479.0
4448,1417.0
4715,579.0
4828,1641.0
5210,1.0
5743,1.0
5844,1.0
6246,0.0
63,216.0
64,34.0
65,299.0
66,1524.0
2799,493.0
4588,905.0
5614,379.0
7961,1.0
3238,1317.0
3459,1646.0
3479,1634.0
3498,1644.0
4098,614.0
4994,905.0
5061,529.0
5321,1348.0
5524,1643.0
5683,1.0
6004,524.0
6774,1216.0
6832,1.0
6979,1.0
7050,164.0
7279,1039.0
7620,1.0
8042,1.0
8128,1.0
73,679.0
76,149.0
78,696.0
1192,1.0
79,1357.0
930,1.0
77,1007.0
81,658.0
1157,34.0
83,680.0
91,232.0
67,875.0
84,116.0
85,99.0
2160,1421.0
2576,1646.0
2809,1.0
3050,1.0
3310,1057.0
3576,328.0
3681,196.0
5028,1515.0
5421,380.0
5449,1.0
5936,99.0
6094,758.0
6327,1630.0
6914,1578.0
6930,1.0
7553,1.0
71,1633.0
1636,1.0
1915,1264.0
2106,1.0
3804,167.0
4780,1.0
5058,1.0
5671,198.0
7809,1.0
7921,1.0
87,1661.0
2053,99.0
2256,1650.0
2623,1624.0
2764,32.0
2790,1646.0
2925,888.0
3460,826.0
3873,182.0
3912,858.0
3962,314.0
4078,50.0
4110,49.0
4332,1.0
4453,1.0
4632,1644.0
4748,1306.0
5020,1647.0
5072,231.0
5200,692.0
5308,1.0
5392,1.0
5415,150.0
5584,842.0
5630,1334.0
5684,1019.0
5732,1.0
5737,1.0
5790,1.0
5798,449.0
5963,1.0
6156,1255.0
6174,904.0
6296,1.0
6337,1.0
6400,1.0
6407,1.0
6553,1.0
6737,1.0
7381,1.0
7649,656.0
7662,1.0
8141,1.0
88,114.0
1270,1.0
1612,1517.0
2991,480.0
3921,1.0
3974,1.0
90,1620.0
1596,1378.0
92,133.0
82,1.0
99,1007.0
1498,646.0
3293,397.0
4071,1020.0
5812,1370.0
6560,1506.0
6592,148.0
6634,67.0
6918,1157.0
7574,1.0
7588,380.0
7803,1.0
8132,1.0
96,200.0
100,266.0
98,413.0
31,580.0
102,182.0
1232,149.0
103,1539.0
2589,1.0
2851,1426.0
4536,1629.0
5452,875.0
5503,1.0
5800,1641.0
5872,921.0
6589,1.0
6665,840.0
6967,1.0
7074,1.0
7618,347.0
115,51.0
116,1.0
104,1094.0
106,609.0
3033,1548.0
68,1634.0
1159,116.0
1792,845.0
2001,1289.0
2072,1643.0
2102,1504.0
2307,446.0
2325,149.0
2338,608.0
2440,1560.0
2597,135.0
2618,1547.0
2654,1632.0
2765,1088.0
2912,1468.0
2951,1130.0
2973,1.0
3021,315.0
3056,1464.0
3145,1006.0
3307,1.0
3313,345.0
3376,1.0
3634,1645.0
3691,1595.0
3816,1.0
3949,1221.0
3980,249.0
4051,1.0
4111,825.0
4211,1632.0
4351,330.0
4584,1.0
4587,1385.0
4604,527.0
4631,1.0
4791,50.0
4884,247.0
4896,1.0
4981,1533.0
5002,1631.0
5096,316.0
5179,1649.0
5188,1642.0
5226,594.0
5233,1055.0
5245,1.0
5262,1501.0
5288,1.0
5351,1.0
5430,446.0
5437,922.0
5445,1514.0
5457,1249.0
5463,1.0
5527,132.0
5620,561.0
5637,1.0
5639,362.0
5655,1598.0
5680,182.0
5721,429.0
5745,1.0
5806,1404.0
5839,1350.0
5848,1.0
5860,1.0
5886,1.0
5902,181.0
5925,1.0
5933,149.0
5972,215.0
5994,1.0
6083,1.0
6098,1.0
6124,1.0
6130,1.0
6505,1.0
6599,1.0
6682,1.0
6784,1347.0
7063,1099.0
7094,1.0
7168,1.0
7233,710.0
7341,181.0
7544,512.0
7795,1.0
7839,1.0
8051,281.0
8178,1.0
117,34.0
118,1.0
119,17.0
107,35.0
109,1634.0
1074,1635.0
2511,527.0
3752,855.0
4361,167.0
4401,282.0
4441,1642.0
4786,1.0
4798,348.0
4940,1.0
5140,1546.0
5273,878.0
5295,956.0
5465,1.0
5479,1204.0
5563,83.0
5626,299.0
5739,1450.0
5760,314.0
5819,1437.0
5824,1465.0
5827,921.0
5829,443.0
5871,1575.0
6001,676.0
6043,1460.0
6328,1.0
6344,198.0
6376,1.0
6417,1.0
6442,314.0
6464,1.0
6481,1.0
6511,1.0
6523,1384.0
6528,1.0
6529,1.0
6552,1222.0
6555,1170.0
6567,1.0
6576,1.0
6596,1647.0
6600,1.0
6699,1.0
6770,509.0
6788,1.0
6860,1.0
6901,1.0
6934,1579.0
6951,1339.0
6980,1.0
7005,560.0
7021,924.0
7047,1612.0
7101,1.0
7185,1.0
7225,1428.0
7280,1633.0
7373,1.0
7393,546.0
7400,938.0
7414,1.0
7668,1.0
7694,1.0
7757,1.0
7763,1.0
7788,1.0
7810,428.0
7924,1.0
8297,1.0
110,1557.0
4435,297.0
7855,1.0
7862,314.0
111,1077.0
120,429.0
112,17.0
121,84.0
122,1649.0
403,990.0
1247,1607.0
1291,1399.0
1393,244.0
1777,1.0
1984,479.0
2322,1072.0
2474,1647.0
2700,1649.0
2747,1582.0
2768,1464.0
2805,1.0
2968,1566.0
3029,246.0
3106,413.0
3148,1250.0
3173,527.0
3251,1.0
3253,1.0
3393,596.0
3520,1.0
3541,1614.0
3580,1.0
3587,821.0
3772,1.0
3776,1.0
3887,1.0
4117,1.0
4365,1.0
4530,396.0
4964,1543.0
4977,281.0
5155,1038.0
5335,1.0
5454,644.0
5506,1.0
5509,1.0
5592,0.0
5651,82.0
5947,1.0
7699,1.0
113,1621.0
686,1616.0
5178,1067.0
7651,1.0
123,51.0
124,51.0
114,1.0
126,1174.0
346,1614.0
2290,1629.0
2687,544.0
2928,1.0
3009,1611.0
3265,1.0
3549,1.0
3567,1172.0
3713,1.0
3769,1.0
4234,50.0
5928,413.0
7012,824.0
128,1635.0
1950,1.0
2069,594.0
2340,231.0
2366,446.0
2386,1.0
3126,1.0
129,279.0
133,83.0
134,17.0
136,1603.0
1493,165.0
3297,1532.0
3346,394.0
3919,875.0
4412,216.0
4713,0.0
5482,988.0
5738,1051.0
5950,167.0
5980,364.0
6000,563.0
6299,1600.0
6472,1.0
6628,1.0
6670,1.0
6707,1.0
6725,1.0
6777,1.0
6805,1.0
6938,100.0
6953,1.0
6997,1.0
7054,1005.0
7301,870.0
7442,1.0
137,1.0
138,1540.0
139,1041.0
141,1.0
142,826.0
143,1602.0
1678,314.0
1955,50.0
145,740.0
5189,1646.0
6720,1.0
146,167.0
1140,1.0
1141,414.0
149,132.0
155,1087.0
6923,133.0
6993,1542.0
7116,1.0
7493,215.0
7587,1.0
7604,1.0
7647,332.0
7648,132.0
7652,1.0
7672,1.0
7701,117.0
7927,1.0
156,412.0
157,1517.0
1114,1396.0
158,379.0
159,16.0
160,1.0
161,1204.0
1240,1.0
3429,1.0
162,181.0
6691,1.0
165,166.0
4689,133.0
172,1648.0
1571,1166.0
1972,1652.0
2356,1592.0
2510,1650.0
2662,198.0
3020,1527.0
3030,1.0
3099,1.0
3243,1.0
3338,165.0
3670,1.0
173,1656.0
314,1.0
948,1089.0
1537,1632.0
6269,1.0
6414,793.0
6606,1.0
6994,1118.0
7813,1.0
174,1.0
74,1601.0
176,1517.0
177,284.0
1733,1415.0
1799,1513.0
4646,1.0
179,659.0
180,1285.0
181,1.0
166,1633.0
1935,740.0
5246,1502.0
6305,1643.0
6945,759.0
7695,198.0
8079,1.0
8083,1.0
8134,1.0
8163,1.0
8198,1.0
185,49.0
194,447.0
187,1237.0
188,344.0
2713,1648.0
189,1.0
196,1.0
190,1.0
197,662.0
195,1.0
198,1.0
199,664.0
2721,50.0
191,445.0
200,1.0
201,1038.0
202,249.0
203,1419.0
3835,1303.0
205,773.0
206,1.0
207,1.0
208,463.0
209,562.0
210,1.0
125,1353.0
215,1640.0
2195,1.0
2234,853.0
2242,229.0
2378,265.0
2736,115.0
217,1.0
221,533.0
222,611.0
223,923.0
1793,0.0
225,198.0
240,411.0
242,231.0
244,232.0
245,281.0
247,397.0
231,1384.0
5263,1561.0
233,232.0
234,133.0
235,199.0
237,1186.0
2838,1224.0
8121,1.0
248,115.0
238,198.0
239,149.0
169,316.0
253,101.0
254,908.0
1287,1.0
256,743.0
260,197.0
2770,34.0
5773,1609.0
5828,1.0
6840,1.0
263,1046.0
3726,545.0
5222,183.0
264,1.0
265,1110.0
827,133.0
5083,1.0
266,497.0
267,1.0
268,298.0
269,1187.0
270,907.0
4432,707.0
276,50.0
277,117.0
275,1554.0
2844,50.0
241,539.0
2785,133.0
283,232.0
284,365.0
287,117.0
288,33.0
289,33.0
291,1415.0
2326,1645.0
3455,1595.0
4466,1.0
4776,1.0
294,1.0
292,448.0
293,199.0
295,182.0
296,381.0
297,1.0
4983,181.0
5793,1.0
3724,1615.0
4557,1069.0
249,612.0
303,450.0
1833,297.0
903,165.0
1277,1.0
3191,1512.0
4041,1588.0
4138,1597.0
5176,1642.0
5182,806.0
5969,198.0
6029,1.0
307,216.0
320,232.0
309,1.0
2121,199.0
3417,1267.0
3664,132.0
4471,265.0
4482,427.0
5239,1.0
5753,233.0
2425,1.0
2605,1648.0
2672,688.0
2918,232.0
2940,1648.0
3068,1.0
3969,1631.0
4534,1090.0
4650,1.0
6595,578.0
7833,328.0
312,1661.0
315,1499.0
316,165.0
305,229.0
318,18.0
967,756.0
2592,907.0
2629,1.0
3547,1.0
3796,1650.0
4527,433.0
4551,1.0
4954,1.0
5075,1.0
6110,1.0
6347,578.0
6570,83.0
7910,231.0
8037,1.0
329,248.0
330,214.0
323,265.0
326,759.0
331,248.0
327,546.0
251,564.0
328,739.0
333,218.0
335,1368.0
5887,1.0
7443,893.0
7497,1.0
7688,1.0
4403,1.0
336,1370.0
6221,940.0
7450,1.0
337,34.0
340,1154.0
1266,1.0
2163,99.0
2670,1.0
342,166.0
343,218.0
344,149.0
2501,1.0
345,744.0
2251,1365.0
2416,1199.0
3104,1.0
3446,1.0
3483,1337.0
3971,933.0
4822,1.0
351,742.0
355,117.0
352,330.0
353,315.0
357,249.0
193,838.0
364,564.0
365,265.0
366,478.0
369,1.0
367,34.0
6388,1.0
7277,266.0
7422,1.0
374,1.0
375,1.0
376,1289.0
386,415.0
381,17.0
382,34.0
387,608.0
101,466.0
383,1444.0
2674,1629.0
384,16.0
393,1.0
395,1383.0
4175,690.0
4341,1.0
5199,1055.0
6904,1.0
6976,1514.0
7512,1.0
7890,1.0
397,1.0
398,363.0
6890,1.0
399,150.0
400,511.0
401,1.0
404,332.0
2433,150.0
2617,1070.0
3130,1.0
4846,1369.0
4980,1121.0
5559,1.0
5568,1.0
5817,1531.0
7306,1.0
408,1.0
409,1.0
410,216.0
411,1.0
413,1.0
414,214.0
416,230.0
418,67.0
423,381.0
424,330.0
2231,1464.0
2880,164.0
5384,312.0
5487,1284.0
5811,1530.0
5835,1.0
6241,1596.0
6255,1.0
6323,1433.0
6424,84.0
6447,725.0
6613,248.0
6803,1.0
6809,66.0
6813,99.0
6982,1.0
7131,1106.0
7351,17.0
7707,1.0
426,1119.0
430,231.0
618,693.0
4653,1625.0
5466,1.0
5693,1.0
434,17.0
436,50.0
437,115.0
438,166.0
412,1025.0
441,133.0
443,167.0
7992,1.0
444,263.0
451,182.0
448,101.0
449,495.0
3548,1.0
4402,1.0
446,164.0
450,233.0
211,198.0
453,165.0
454,447.0
455,347.0
456,396.0
457,1663.0
1600,1.0
2277,249.0
2818,1.0
2996,1.0
3200,760.0
3324,1.0
3409,131.0
3849,1.0
3911,230.0
3922,640.0
4173,1.0
4315,1268.0
4488,1616.0
4507,183.0
4621,1.0
4797,1.0
4824,1628.0
4831,1.0
4879,1053.0
4899,1644.0
4986,17.0
5012,528.0
5045,1.0
5121,529.0
5148,1.0
5204,1.0
5285,956.0
5289,329.0
5305,1.0
5513,1.0
5623,248.0
5631,1.0
5638,1.0
5663,1.0
5705,181.0
5757,182.0
5776,642.0
5792,1.0
5801,347.0
5809,858.0
5830,1.0
5832,1.0
5850,1.0
5891,0.0
5931,1.0
5932,1386.0
5973,1.0
5991,1.0
6009,1.0
6010,1.0
6021,1.0
6032,1571.0
6106,1.0
6149,1.0
6161,1.0
6218,1448.0
6243,1466.0
6261,1.0
6270,1632.0
6302,1.0
6334,398.0
6409,1.0
6422,743.0
6474,82.0
6491,563.0
6554,1.0
6571,1.0
6594,1.0
6632,1.0
6663,1.0
6668,1.0
6685,1.0
6686,1.0
6783,314.0
6873,1.0
6897,1.0
6907,1645.0
7034,1.0
7073,1.0
7237,644.0
7238,332.0
7389,148.0
7491,1.0
7529,1.0
7561,1.0
7791,313.0
7835,377.0
7860,1.0
7946,1.0
7957,1.0
7965,1.0
7979,1.0
8044,0.0
8050,460.0
8209,1.0
8219,1.0
8224,1.0
8226,1.0
8249,1.0
458,100.0
460,282.0
461,233.0
462,167.0
463,166.0
3939,1.0
3942,1.0
467,347.0
468,17.0
164,528.0
472,1.0
476,1.0
479,428.0
480,1.0
481,1.0
486,1.0
473,1.0
489,116.0
490,1.0
492,1.0
493,1.0
494,116.0
497,266.0
498,165.0
499,677.0
501,494.0
502,214.0
504,83.0
507,1.0
513,199.0
511,116.0
509,1.0
516,1.0
519,1.0
520,1.0
525,1.0
521,528.0
522,1.0
523,1.0
445,147.0
527,1.0
528,1.0
531,1.0
530,381.0
529,1.0
534,380.0
536,296.0
539,331.0
540,68.0
541,248.0
542,431.0
543,232.0
544,232.0
7646,1.0
546,1643.0
3811,0.0
4199,230.0
5298,1.0
5807,874.0
6421,1054.0
6590,1.0
551,149.0
218,116.0
547,133.0
548,183.0
550,166.0
552,67.0
553,1139.0
554,429.0
555,51.0
556,1649.0
557,17.0
558,1.0
561,559.0
562,182.0
563,149.0
565,67.0
568,17.0
569,33.0
570,266.0
571,34.0
572,527.0
573,17.0
574,330.0
576,117.0
577,49.0
578,133.0
580,1333.0
2258,1582.0
5103,1612.0
5500,97.0
583,1220.0
582,1349.0
4562,1.0
4605,1.0
4728,1.0
585,413.0
588,1069.0
591,99.0
595,280.0
593,183.0
596,82.0
594,249.0
597,464.0
598,134.0
599,116.0
6892,1.0
7912,1.0
602,67.0
605,133.0
610,1.0
612,1.0
614,430.0
615,1098.0
495,262.0
620,316.0
8289,1.0
621,1.0
625,247.0
632,82.0
5469,1.0
634,1646.0
1403,51.0
3554,432.0
4323,1.0
5539,1.0
6148,1.0
646,740.0
635,1583.0
638,83.0
640,347.0
641,198.0
642,148.0
648,282.0
649,1371.0
3082,1.0
3256,1108.0
651,1.0
655,1.0
652,17.0
653,1.0
654,1.0
661,67.0
662,150.0
1961,199.0
2223,891.0
4480,1.0
666,200.0
639,1205.0
669,1.0
672,17.0
4049,1.0
676,1.0
678,1.0
683,1.0
688,217.0
689,1271.0
690,379.0
692,380.0
693,1.0
695,1645.0
4639,1.0
699,708.0
701,347.0
703,1.0
1819,1.0
708,1521.0
2993,82.0
709,1.0
3671,1.0
711,1.0
712,1156.0
713,215.0
716,116.0
718,149.0
3808,1.0
720,67.0
721,148.0
2571,1.0
2591,1.0
2607,1.0
2647,893.0
2797,1.0
2821,1.0
2825,1.0
2856,149.0
2902,1.0
3255,165.0
3609,1.0
5326,1.0
6714,1624.0
724,297.0
726,1.0
727,1185.0
728,383.0
729,1.0
731,1.0
732,50.0
1823,1514.0
1865,379.0
3842,773.0
4298,805.0
5064,17.0
5772,1022.0
6047,461.0
6280,1535.0
6320,1022.0
6618,1593.0
6700,1.0
6736,1356.0
6759,247.0
6772,1630.0
6789,608.0
6917,216.0
6924,762.0
6933,1.0
7162,1.0
7186,1.0
7323,1.0
7386,759.0
7391,1448.0
7397,1.0
7449,940.0
7517,50.0
7567,1.0
7593,149.0
7658,1.0
7666,543.0
7669,1.0
7673,1.0
7675,1071.0
7730,1.0
7778,1.0
7799,1.0
7819,1.0
7874,295.0
8168,1.0
8192,1.0
8204,115.0
738,530.0
5301,1564.0
734,1.0
735,1.0
4385,1.0
4386,1.0
6712,411.0
7214,1.0
7691,854.0
745,1.0
2116,1007.0
5215,559.0
7683,1.0
751,1.0
754,100.0
752,1.0
753,1.0
755,1.0
758,17.0
759,1563.0
4777,83.0
5673,1.0
766,1653.0
1971,1.0
2507,1630.0
2658,1646.0
3000,1528.0
3103,365.0
3271,117.0
3319,1.0
3320,250.0
3348,1090.0
3381,1649.0
3486,1.0
3555,843.0
3616,1.0
3856,1.0
4219,1645.0
4500,100.0
4529,1.0
4583,1.0
5033,1.0
5432,312.0
5650,1.0
5837,1.0
6501,1146.0
7510,1.0
7879,1.0
7882,612.0
8073,1.0
7378,1248.0
767,149.0
768,315.0
770,150.0
772,234.0
773,1.0
774,18.0
736,34.0
775,117.0
776,17.0
786,314.0
788,1655.0
2914,416.0
5709,560.0
6360,1231.0
780,233.0
781,466.0
782,613.0
783,149.0
4355,1531.0
5120,1.0
5470,1.0
785,200.0
792,34.0
7899,1.0
796,546.0
799,17.0
800,67.0
801,598.0
804,458.0
807,1.0
808,231.0
811,1.0
812,411.0
3875,1.0
4181,1.0
814,1.0
815,1.0
816,1254.0
819,117.0
821,115.0
818,149.0
3465,430.0
824,1.0
1970,1.0
2638,1.0
3105,1.0
3235,1.0
3822,1.0
3908,1.0
4030,1.0
4678,1.0
4783,1.0
5426,1.0
5740,1.0
7250,1.0
8246,1.0
830,132.0
832,249.0
831,577.0
835,1.0
841,1467.0
3914,1.0
842,1418.0
843,148.0
845,132.0
847,150.0
848,463.0
851,1.0
854,1578.0
1770,1.0
2112,1.0
855,1.0
4014,1.0
852,1388.0
2910,1.0
860,511.0
862,117.0
865,1644.0
867,1.0
869,742.0
870,1354.0
2990,1.0
3023,1.0
874,1.0
876,1.0
877,148.0
879,1652.0
3745,1.0
4359,1.0
4550,1630.0
880,1.0
883,315.0
886,229.0
888,18.0
889,50.0
890,1.0
891,33.0
892,1.0
469,575.0
898,478.0
900,297.0
1323,1.0
902,115.0
2751,1.0
905,116.0
909,564.0
7407,199.0
7439,1.0
910,133.0
911,1157.0
912,428.0
914,380.0
923,150.0
915,481.0
916,214.0
917,250.0
919,232.0
920,655.0
921,656.0
924,166.0
787,808.0
927,1.0
926,148.0
931,83.0
940,1.0
944,231.0
2083,100.0
3629,328.0
5253,1.0
949,249.0
950,446.0
951,83.0
954,1110.0
957,200.0
961,446.0
965,1.0
962,294.0
964,233.0
933,875.0
969,1.0
970,542.0
973,34.0
3205,1.0
976,1.0
980,1.0
984,531.0
986,1644.0
988,1646.0
2974,676.0
3538,146.0
3809,1.0
3825,1.0
5417,1.0
8122,1.0
8124,1.0
8130,1.0
987,181.0
990,1.0
992,99.0
3888,1.0
3885,17.0
996,1647.0
5784,1.0
998,1008.0
1005,412.0
6027,1.0
7436,1.0
1001,165.0
1002,165.0
1003,1203.0
1004,774.0
1008,643.0
1011,382.0
3301,953.0
1013,939.0
1016,1.0
1017,1.0
1019,17.0
1009,1350.0
1021,1.0
1025,1.0
1027,544.0
1028,364.0
1033,364.0
1037,1594.0
1040,34.0
1041,1517.0
4127,1548.0
4468,791.0
5309,1.0
6311,131.0
1042,1255.0
1045,247.0
1046,1417.0
1047,132.0
1048,347.0
1050,1302.0
1052,165.0
1051,1438.0
1058,232.0
1059,233.0
1060,83.0
1063,1270.0
1064,921.0
1067,17.0
1065,199.0
1066,84.0
1070,67.0
1071,17.0
1072,84.0
872,1204.0
5499,298.0
6755,100.0
6769,1.0
6850,1.0
1084,281.0
1078,496.0
1079,1.0
1081,1.0
1082,181.0
1083,115.0
1085,200.0
1086,516.0
1089,628.0
1087,248.0
1088,50.0
1093,33.0
1094,34.0
1095,658.0
1096,33.0
3155,1.0
1098,1635.0
2650,1.0
2781,1.0
6568,1.0
6806,1.0
7059,1.0
7060,1.0
7110,133.0
7120,680.0
7201,1.0
7262,641.0
7634,99.0
8002,1.0
1099,612.0
1104,33.0
1105,215.0
1106,166.0
1101,50.0
1107,16.0
1108,17.0
1109,50.0
1110,16.0
1112,17.0
1113,595.0
1102,774.0
1115,34.0
1120,1.0
1126,50.0
1129,1617.0
1130,1.0
1132,1500.0
1133,1652.0
2129,1436.0
4047,1.0
4188,1.0
4254,1.0
4311,1.0
4331,179.0
4558,1.0
4620,1.0
4648,1.0
4677,1.0
4946,1.0
5043,132.0
5044,1.0
5635,1.0
5977,1.0
6226,1.0
1134,312.0
1135,1651.0
1664,346.0
5141,1.0
1138,430.0
1139,100.0
1142,1485.0
1143,612.0
1068,247.0
1145,133.0
1146,100.0
1147,281.0
1148,165.0
1150,544.0
1155,17.0
1158,17.0
1161,1.0
2376,1400.0
3266,1.0
3893,1.0
6023,989.0
6164,1.0
1177,1.0
1178,1.0
1179,364.0
1169,992.0
1170,33.0
1180,1.0
1171,1.0
1090,165.0
1172,1.0
1173,1.0
1174,1.0
1175,1.0
1182,544.0
1183,410.0
1176,1.0
1187,134.0
1188,82.0
1189,17.0
3193,1.0
1194,33.0
1195,443.0
1197,300.0
1198,396.0
3138,1.0
1202,1613.0
1204,1598.0
1205,215.0
1206,148.0
1207,1087.0
1208,183.0
1209,182.0
1210,1629.0
1212,281.0
1213,147.0
1214,349.0
1215,1579.0
1216,297.0
1219,1.0
1223,99.0
1224,248.0
1225,213.0
1226,133.0
1227,182.0
1228,546.0
1229,182.0
1231,199.0
1233,923.0
1235,790.0
1237,461.0
1238,166.0
1242,854.0
1244,231.0
1245,974.0
1246,464.0
3171,148.0
1252,329.0
1254,131.0
1255,66.0
1256,130.0
1257,116.0
1258,230.0
1262,101.0
1264,116.0
1268,166.0
1269,150.0
1271,182.0
1272,1.0
1273,1.0
1274,1.0
1275,1.0
1278,1615.0
1276,1.0
1280,198.0
1281,961.0
2956,1.0
1290,1073.0
1292,643.0
1293,1350.0
1294,133.0
1295,131.0
1298,182.0
1299,642.0
1301,297.0
1302,150.0
1303,149.0
1304,131.0
3461,1635.0
3973,1301.0
4993,311.0
1306,958.0
3867,1.0
1308,116.0
1309,133.0
1313,100.0
1311,215.0
1312,33.0
1314,100.0
1316,577.0
1317,34.0
1318,132.0
3237,1.0
1320,463.0
1324,216.0
1327,1.0
1328,17.0
1325,1.0
1329,17.0
1331,446.0
1332,181.0
1333,347.0
1334,114.0
1335,1586.0
1336,577.0
1337,133.0
1338,232.0
1339,367.0
1340,163.0
1341,115.0
1342,345.0
1343,132.0
1344,182.0
1345,166.0
1346,182.0
1349,199.0
1350,1628.0
1351,132.0
1359,281.0
1354,426.0
1355,132.0
1361,149.0
1356,925.0
1362,232.0
1358,1096.0
1365,695.0
1366,182.0
1367,1452.0
1368,988.0
3785,1185.0
1369,1.0
1370,1.0
1373,281.0
7088,133.0
1376,164.0
1379,133.0
1380,1602.0
1381,1585.0
1383,150.0
1386,1510.0
1387,1.0
1388,197.0
1391,83.0
1392,233.0
1395,1649.0
1397,1.0
1398,1.0
1399,1.0
1400,34.0
1401,214.0
1404,1.0
1405,1.0
1406,1.0
1408,1.0
1409,1.0
1410,1.0
1421,1.0
1422,1.0
1423,312.0
1424,1531.0
1426,149.0
1427,100.0
2679,1.0
3080,1.0
1429,396.0
1430,33.0
1431,117.0
1433,82.0
1434,67.0
1436,1.0
1184,1626.0
4809,1.0
1438,17.0
1440,116.0
1443,230.0
1445,33.0
1447,298.0
1448,33.0
1449,148.0
1450,181.0
1451,248.0
1452,1.0
1454,1.0
1455,1.0
1456,1.0
1457,625.0
1458,1.0
1459,1.0
1460,1.0
1461,1.0
1462,1335.0
1463,1101.0
1466,1183.0
1467,757.0
1469,607.0
1470,1649.0
3285,1.0
5706,1.0
1581,1.0
1474,265.0
1480,1321.0
1481,1.0
1483,1449.0
1488,165.0
1494,134.0
1495,823.0
4411,1.0
1499,661.0
1500,1454.0
1502,150.0
1503,132.0
1504,546.0
1505,510.0
1511,215.0
1510,838.0
1512,1.0
1515,83.0
1516,99.0
1517,65.0
1519,133.0
1522,1648.0
4012,1.0
6462,245.0
1523,1.0
1527,99.0
1526,476.0
1528,1.0
1535,232.0
1536,150.0
1539,250.0
1540,50.0
1541,34.0
1543,17.0
1545,18.0
1546,67.0
2423,1.0
5115,1.0
6059,1.0
6096,1.0
1552,1603.0
1553,940.0
2233,1315.0
3880,1.0
4009,377.0
4272,1.0
5312,772.0
1551,114.0
1554,311.0
1558,1.0
1559,1.0
1560,34.0
3933,1.0
1568,1.0
1570,1.0
1572,1.0
1574,183.0
1575,197.0
1576,1.0
1578,1.0
1579,1.0
1010,251.0
1582,610.0
1584,34.0
1588,50.0
1589,757.0
1590,1.0
1591,1.0
1594,1651.0
1599,101.0
1601,381.0
1602,50.0
1605,444.0
1606,229.0
1607,249.0
1609,99.0
1611,149.0
7042,1.0
8149,1.0
8235,1.0
8148,1.0
1614,1632.0
1615,1658.0
1616,84.0
1617,1.0
1530,657.0
1620,101.0
1623,1446.0
1625,66.0
1627,179.0
1626,100.0
1630,216.0
1631,263.0
1632,247.0
1634,68.0
1635,1.0
1639,1378.0
1642,65.0
1643,148.0
1644,1453.0
1645,1.0
1650,1.0
1651,1.0
1655,34.0
1656,17.0
4580,1.0
1659,148.0
1660,165.0
1663,50.0
1665,133.0
1666,197.0
1667,1416.0
8019,1.0
1668,116.0
1670,1040.0
1671,51.0
1647,889.0
1674,644.0
1675,166.0
1676,132.0
1677,298.0
4654,230.0
1681,313.0
1682,82.0
1683,1.0
1685,1.0
1684,724.0
1686,116.0
1690,1.0
1691,1504.0
1693,561.0
6723,1.0
1694,165.0
1695,197.0
1696,412.0
2552,464.0
1698,81.0
1699,183.0
2244,1.0
1711,528.0
1703,65.0
1704,34.0
1708,1.0
1709,316.0
1710,17.0
1712,164.0
1713,214.0
1715,1.0
1719,776.0
1720,837.0
1721,1.0
1722,609.0
1724,1.0
1725,1.0
1728,1.0
1731,66.0
1735,67.0
1736,65.0
1737,459.0
6340,1.0
1740,1.0
1738,377.0
1739,49.0
1741,428.0
1742,164.0
1743,51.0
1745,67.0
1748,1583.0
4815,1.0
8275,1.0
1753,1.0
1755,1.0
1756,1634.0
1760,1.0
1761,1.0
1762,1435.0
1763,1.0
1764,299.0
1765,264.0
1766,1236.0
1767,1637.0
2678,1.0
2798,1.0
3999,230.0
1759,281.0
1773,1.0
1775,1.0
1778,248.0
1782,247.0
1751,1322.0
1784,33.0
1785,67.0
1789,692.0
1790,1.0
1795,1549.0
679,181.0
1796,1496.0
1797,1.0
5569,99.0
1800,809.0
1803,1003.0
1804,132.0
1806,115.0
1807,648.0
2645,526.0
5271,1.0
5296,1024.0
1809,245.0
1810,215.0
1812,34.0
1813,1486.0
4552,1.0
8186,1.0
5146,1.0
1820,1627.0
1821,1.0
3669,1.0
1822,857.0
1825,1.0
1826,1.0
1827,34.0
347,430.0
1828,17.0
1829,214.0
1838,1468.0
1830,198.0
1831,215.0
1832,316.0
1834,1.0
1839,1.0
1840,34.0
1841,1.0
1844,17.0
1845,17.0
1846,34.0
5208,1.0
7146,1.0
1852,1.0
1853,17.0
1856,1.0
1860,50.0
1862,148.0
1866,1.0
1867,33.0
1868,1089.0
1869,314.0
1870,182.0
1874,706.0
1875,1303.0
1871,150.0
1872,479.0
1876,476.0
1873,231.0
1879,643.0
1881,34.0
1882,133.0
1883,164.0
1885,1532.0
1886,314.0
1887,197.0
1889,1.0
1891,1254.0
1892,166.0
1894,33.0
1895,33.0
1896,1355.0
1897,180.0
1899,330.0
1900,1.0
1902,1.0
1905,67.0
1906,116.0
1907,17.0
1909,50.0
1911,82.0
1912,248.0
1913,100.0
1914,247.0
1916,84.0
1917,17.0
1921,163.0
1922,1653.0
3201,1.0
1923,262.0
1924,527.0
1925,1151.0
1928,446.0
1890,17.0
1926,82.0
1929,116.0
1930,49.0
1931,807.0
1937,777.0
1932,51.0
1933,83.0
1938,33.0
1934,85.0
1939,99.0
1940,382.0
1941,1.0
1943,297.0
1944,180.0
1945,198.0
1946,279.0
1947,910.0
4031,1.0
1948,624.0
1951,1142.0
1958,1.0
1959,1.0
1960,1.0
1962,1100.0
6621,1.0
6762,1.0
1967,1288.0
1968,49.0
1975,100.0
1976,425.0
1978,84.0
1952,181.0
1980,1560.0
1981,115.0
1986,1023.0
1988,213.0
1989,150.0
1993,380.0
1994,132.0
1995,315.0
1996,116.0
1794,1172.0
2000,67.0
2002,1.0
2005,17.0
2008,66.0
2009,1614.0
2040,18.0
2010,1222.0
2011,182.0
2012,329.0
2013,49.0
2042,84.0
2015,116.0
2017,50.0
2018,18.0
2019,49.0
2020,18.0
2021,66.0
2044,51.0
2023,65.0
2024,68.0
2025,50.0
2026,66.0
2027,117.0
2045,133.0
2029,230.0
2030,67.0
2031,17.0
2032,49.0
2033,1300.0
2034,83.0
2035,1.0
2036,83.0
2037,590.0
6111,1.0
698,576.0
4216,1.0
2038,51.0
2049,395.0
2050,429.0
2051,113.0
2052,1078.0
2054,149.0
2056,149.0
2057,117.0
2058,148.0
2059,232.0
2061,279.0
2063,1206.0
2064,84.0
2065,1582.0
2068,231.0
2070,1.0
2077,116.0
2081,247.0
2082,181.0
2084,411.0
2086,1.0
2087,50.0
2088,346.0
2089,34.0
2090,34.0
2093,1531.0
2096,313.0
2422,1.0
2100,1.0
2099,1008.0
2104,1.0
2103,132.0
2105,563.0
2108,217.0
2110,180.0
2111,281.0
2115,873.0
2118,1633.0
6321,1.0
7994,1.0
8225,1.0
2125,412.0
2126,99.0
2127,314.0
2130,578.0
2131,98.0
2132,132.0
2133,1629.0
2136,1.0
2138,132.0
2139,67.0
2141,167.0
2142,1.0
2143,1.0
4218,1.0
2146,1.0
2147,1.0
2148,1.0
2149,50.0
2150,1.0
2152,282.0
2156,1300.0
2155,1.0
2159,1123.0
2161,83.0
2164,83.0
2167,17.0
2169,1436.0
2170,299.0
2171,858.0
2172,1201.0
2173,199.0
2175,1.0
2176,1240.0
2177,85.0
2179,1.0
2180,1.0
2183,1.0
2184,151.0
2186,1596.0
2187,116.0
2188,215.0
2189,199.0
2190,149.0
2191,131.0
2192,197.0
2194,115.0
2196,99.0
2197,380.0
2198,148.0
2199,99.0
2200,182.0
2201,1.0
2203,49.0
2204,100.0
2212,132.0
2213,232.0
2214,381.0
2215,696.0
2216,51.0
2217,892.0
2218,17.0
2219,1.0
2221,116.0
2222,34.0
8033,1.0
2224,294.0
2226,1399.0
2227,265.0
2228,116.0
2230,1499.0
3623,1.0
2232,249.0
2235,147.0
2236,1611.0
2238,34.0
2239,182.0
2041,562.0
2243,1.0
2249,1339.0
2250,67.0
2254,560.0
2255,1353.0
3737,1.0
2259,34.0
2260,1.0
2261,1.0
2262,1.0
2153,200.0
2266,116.0
2267,1.0
2268,1.0
2269,100.0
2270,1.0
2274,1417.0
5393,1.0
7490,1050.0
8175,1.0
2278,249.0
2280,34.0
2282,379.0
2283,213.0
2286,737.0
2287,561.0
3556,797.0
6055,1.0
2288,99.0
4876,0.0
2291,115.0
2292,231.0
2265,165.0
2293,134.0
2295,197.0
2296,83.0
3770,1068.0
2298,1549.0
2299,1594.0
2300,117.0
2301,166.0
2302,148.0
2304,1.0
2305,1.0
2308,200.0
2310,115.0
2311,132.0
2312,116.0
2313,133.0
2314,181.0
2315,100.0
2309,198.0
2316,166.0
5375,1.0
2317,50.0
2318,162.0
2319,147.0
2320,84.0
2321,66.0
2330,149.0
1561,1.0
2331,182.0
2334,1.0
2335,1.0
2336,1.0
2337,1.0
2342,528.0
2343,150.0
2344,1.0
2349,1.0
2351,150.0
2352,100.0
2353,163.0
2272,1416.0
2357,873.0
2359,213.0
2360,398.0
2361,1.0
2363,233.0
2365,1600.0
2367,413.0
2368,1036.0
5231,1.0
5255,528.0
5303,1.0
5467,1.0
5564,1.0
5664,1.0
6041,1.0
6107,1.0
6235,1.0
7928,99.0
2370,50.0
2372,330.0
2374,34.0
2379,1531.0
2380,148.0
2382,180.0
2387,1583.0
5354,0.0
2388,50.0
2389,183.0
2390,313.0
2392,1.0
2391,1.0
2394,1.0
2395,1.0
2396,1.0
2393,181.0
2399,216.0
2401,1.0
2402,50.0
2403,116.0
2404,1.0
2405,1.0
2406,165.0
2407,347.0
2306,279.0
7304,1.0
2412,331.0
2413,331.0
2414,280.0
2417,116.0
2418,1.0
2113,83.0
2420,1.0
2419,1.0
2424,1.0
2428,66.0
2429,215.0
2427,727.0
2434,133.0
2437,132.0
2373,149.0
2438,1.0
2462,101.0
2463,1.0
2439,1.0
2441,1.0
2442,1.0
2443,1.0
2444,544.0
2445,1.0
2446,1.0
2094,1.0
2447,1.0
2448,1.0
2449,1.0
2450,1.0
2451,132.0
2452,1204.0
2453,1.0
2454,1.0
2455,1.0
2465,1.0
2457,1.0
2466,1.0
2458,248.0
2459,1.0
2460,1.0
2461,1.0
2471,49.0
2472,1634.0
2473,1636.0
2476,1436.0
2477,1.0
2478,282.0
2480,547.0
2481,676.0
2482,262.0
2487,165.0
2488,1397.0
2489,1.0
2491,1.0
2492,1.0
2493,429.0
2494,1.0
2495,1.0
2496,200.0
2497,1402.0
2500,1.0
2502,1236.0
2503,216.0
8296,1.0
2505,147.0
5311,1.0
2509,363.0
2512,83.0
2514,67.0
2513,34.0
2515,66.0
5926,1.0
6532,1.0
2518,331.0
2519,1.0
2355,1.0
2520,1.0
2530,1.0
2531,216.0
2521,1.0
2522,1.0
2523,83.0
2534,1.0
2526,1.0
2527,1.0
2528,1.0
2536,1.0
2537,1.0
2538,1.0
2529,1.0
2540,1.0
1181,1.0
2541,1351.0
2543,165.0
2498,215.0
2545,514.0
2546,1383.0
6435,1.0
2548,956.0
2549,1645.0
2551,266.0
899,772.0
2555,444.0
2556,1.0
2566,1385.0
2557,1599.0
4220,378.0
2469,17.0
2567,365.0
2558,183.0
2559,1617.0
5406,1.0
2561,1.0
2562,165.0
2563,1.0
2564,1568.0
4778,1.0
5364,1.0
6942,1.0
7319,1.0
7362,511.0
7857,1.0
7996,1.0
8068,1.0
8169,1.0
2569,346.0
2572,165.0
2573,1.0
2574,1.0
5713,1.0
2577,1.0
2578,494.0
2581,132.0
2582,83.0
2583,83.0
2584,99.0
2586,33.0
4625,495.0
2596,890.0
2598,492.0
2603,1.0
6080,1.0
2606,1.0
2608,678.0
2609,411.0
2610,1.0
2611,413.0
5387,1.0
2613,1351.0
2614,1.0
2615,1.0
2616,1.0
5240,1.0
5533,1.0
5956,1.0
6109,1.0
6279,1.0
2627,98.0
2626,280.0
2630,395.0
2631,66.0
2632,100.0
2633,1.0
1863,1.0
2634,1.0
2635,1.0
2636,1.0
2637,1.0
2639,1.0
2640,1.0
2641,1.0
2642,1.0
2644,33.0
2628,198.0
2648,133.0
2649,1.0
6543,1.0
2656,1.0
5260,1.0
8024,1.0
2659,725.0
2661,50.0
2663,50.0
2664,50.0
2668,1.0
2671,66.0
2673,67.0
2675,148.0
2676,514.0
2677,1577.0
2680,593.0
2682,1.0
2683,738.0
2684,1.0
2699,1617.0
2701,1170.0
6105,1.0
2702,1585.0
2703,1562.0
2688,1656.0
5368,1.0
5514,1.0
5756,1.0
2704,1582.0
6078,1.0
2690,1253.0
2691,1561.0
2692,861.0
2705,33.0
2706,826.0
2694,971.0
2695,544.0
2698,842.0
2709,134.0
2711,811.0
2715,181.0
2716,116.0
2717,98.0
2718,133.0
2719,1089.0
2722,33.0
2723,1.0
2725,1.0
2728,166.0
2730,248.0
2731,1.0
2733,249.0
2729,1.0
2734,1.0
2737,756.0
2738,132.0
7423,1.0
2739,165.0
2740,1122.0
2741,1.0
2744,1385.0
2748,1.0
2749,1.0
2752,626.0
2753,1.0
2755,1.0
2757,411.0
2759,1.0
2761,1.0
2762,231.0
2766,34.0
2767,50.0
2771,17.0
2769,1.0
2772,50.0
2773,165.0
2776,1.0
2778,906.0
2779,1.0
2780,299.0
2782,17.0
2783,34.0
2784,1.0
2786,17.0
2788,349.0
2789,365.0
3036,462.0
2791,1122.0
2792,1038.0
2793,445.0
2796,543.0
2802,681.0
2803,1.0
2804,1048.0
2807,232.0
2808,164.0
2813,1.0
2817,1.0
2823,1.0
3109,592.0
2824,1.0
2826,1.0
2758,1.0
2827,1.0
2832,1287.0
4264,1.0
2833,595.0
2835,1.0
2839,215.0
2840,969.0
2845,182.0
2846,1.0
2847,1.0
2848,1.0
2849,1.0
2850,1.0
2852,215.0
2853,1.0
2855,907.0
2857,231.0
2858,262.0
4171,1.0
2860,577.0
2866,262.0
2867,182.0
2861,1.0
2868,1.0
2869,1.0
2862,1.0
2863,17.0
2870,1.0
2864,1.0
2865,83.0
2872,1597.0
2875,167.0
2876,1.0
2879,1.0
2881,1.0
2882,17.0
2883,1250.0
4068,199.0
2884,34.0
2885,313.0
2467,133.0
2896,1.0
2568,363.0
2886,149.0
2887,1.0
2888,1.0
2464,1.0
2889,919.0
2890,1.0
2891,1.0
2892,1.0
2893,1.0
2894,1.0
2895,1.0
2898,413.0
2901,247.0
2899,147.0
2905,330.0
2903,611.0
2904,1184.0
2906,559.0
2907,365.0
2908,756.0
2913,791.0
2916,215.0
2919,284.0
2921,67.0
2924,100.0
2929,1.0
2930,1.0
2931,1.0
7316,1.0
2933,168.0
2935,1351.0
2939,444.0
2938,281.0
7254,1.0
2941,775.0
2936,379.0
2944,1.0
2945,1.0
2947,660.0
2948,1302.0
2949,116.0
2950,827.0
2952,1.0
2953,872.0
2954,1.0
2957,116.0
2960,1.0
2961,1.0
2962,1.0
2964,1643.0
2965,1.0
2967,1627.0
4086,1.0
4866,149.0
4934,527.0
4987,1.0
4992,379.0
5694,1.0
6611,870.0
7023,461.0
7734,1.0
2971,131.0
2969,463.0
2970,149.0
2978,315.0
2980,149.0
2982,66.0
2983,973.0
2985,296.0
2986,166.0
2987,642.0
2988,1543.0
2989,908.0
2992,1.0
2994,262.0
2995,745.0
2998,346.0
3001,775.0
3008,214.0
3003,131.0
3004,380.0
3006,1447.0
3011,148.0
3012,51.0
3013,67.0
3016,280.0
3017,381.0
3019,165.0
3363,1.0
3022,100.0
3025,395.0
4684,1.0
4779,1.0
4887,1.0
5267,197.0
5350,1.0
5442,1.0
6427,1.0
6475,1.0
3031,1563.0
3032,1647.0
3035,777.0
3037,541.0
3038,116.0
3039,1054.0
3040,445.0
3041,1005.0
3042,197.0
3043,100.0
3044,446.0
3048,1.0
3049,513.0
3046,527.0
3051,116.0
3052,148.0
3053,590.0
3054,183.0
3055,1566.0
3057,1597.0
3047,818.0
3060,364.0
3061,199.0
3062,1530.0
2976,529.0
3066,199.0
3070,50.0
3071,131.0
3072,1138.0
7290,1.0
3074,116.0
3075,149.0
3076,150.0
3077,345.0
3078,181.0
3063,1.0
7735,1.0
3081,1004.0
3083,215.0
3085,132.0
3086,772.0
3087,710.0
3088,1182.0
3090,923.0
6530,1.0
3091,34.0
3093,1.0
3094,265.0
3097,1.0
3098,1414.0
3095,1448.0
3096,216.0
3101,333.0
3102,1.0
3107,741.0
2842,1634.0
3617,1.0
3108,625.0
8227,66.0
3110,1269.0
3111,149.0
3112,1.0
3113,1.0
2003,1597.0
7440,1.0
3115,496.0
3118,264.0
3119,34.0
3120,346.0
3123,182.0
3124,1.0
3127,1056.0
3701,1.0
3128,1.0
3129,1.0
3131,1.0
3132,149.0
3135,1.0
3133,1.0
3134,1.0
3137,84.0
3143,148.0
3142,1222.0
3146,297.0
3147,694.0
3149,49.0
3151,67.0
3152,34.0
3153,82.0
3154,33.0
3156,67.0
3158,1.0
3159,756.0
3160,200.0
3162,148.0
3163,1.0
3165,82.0
3166,67.0
3167,82.0
3169,133.0
3168,1615.0
3172,1123.0
3174,165.0
3175,1448.0
3176,530.0
3181,362.0
3190,858.0
3182,99.0
3183,282.0
3184,166.0
3185,281.0
3186,98.0
3187,133.0
3188,908.0
3189,495.0
3194,1.0
3195,1.0
3196,1303.0
3197,249.0
3198,34.0
3199,900.0
3202,416.0
3203,50.0
3204,33.0
3206,1.0
3207,1.0
3208,560.0
3209,1482.0
3212,182.0
3213,262.0
3215,165.0
3214,165.0
3216,149.0
3210,399.0
3217,133.0
532,280.0
3219,198.0
3220,166.0
3221,98.0
1509,133.0
3211,198.0
3218,217.0
3222,197.0
3223,215.0
3224,116.0
3225,954.0
3226,180.0
3227,1168.0
3228,84.0
3229,1.0
3230,1.0
3231,1.0
3232,1.0
3234,1.0
3233,133.0
3239,342.0
3240,1.0
3241,1.0
3242,447.0
3244,1.0
3245,0.0
3246,298.0
3247,248.0
3248,165.0
3249,182.0
3250,166.0
3252,1495.0
3257,132.0
3263,1.0
3264,1.0
3259,84.0
3261,1.0
3262,818.0
3267,83.0
3268,149.0
212,1.0
3269,248.0
3270,115.0
2624,1.0
3272,1.0
3280,117.0
3281,1.0
3273,1.0
3275,721.0
3277,1.0
3278,1.0
3279,1.0
3288,100.0
3292,560.0
3294,1.0
3296,182.0
3298,1.0
3299,1.0
3300,166.0
3302,1.0
3303,1.0
1529,1.0
3304,1366.0
3305,298.0
3311,180.0
3312,118.0
3282,576.0
3314,200.0
3315,1172.0
3290,1450.0
3318,131.0
3316,198.0
3317,1155.0
3322,1.0
3323,33.0
3325,693.0
3326,1087.0
3335,1.0
3331,1.0
3332,1.0
3333,857.0
3339,134.0
3340,413.0
3341,181.0
3342,215.0
3343,972.0
3344,99.0
3345,1498.0
3349,660.0
3350,1616.0
3353,232.0
3354,329.0
3355,148.0
3360,181.0
3356,133.0
3357,100.0
3358,149.0
3359,82.0
3306,410.0
3361,149.0
3362,164.0
3368,1.0
3369,1.0
3370,1.0
3366,1565.0
3367,116.0
3373,856.0
3374,115.0
3375,1566.0
3377,330.0
3378,1477.0
3379,1238.0
3380,1516.0
3382,181.0
3383,312.0
3384,398.0
3385,263.0
3388,1205.0
3389,1.0
3391,314.0
3392,1188.0
5882,1.0
3395,100.0
3396,99.0
3397,265.0
3398,82.0
3399,115.0
3400,148.0
3401,66.0
3403,312.0
3402,1632.0
3592,1.0
6307,1.0
8263,17.0
3405,1.0
3390,1598.0
5388,1.0
3407,1.0
3406,427.0
3411,33.0
3412,82.0
3422,230.0
3423,1.0
3416,1.0
3424,1.0
3425,1.0
3418,1.0
3426,1.0
3434,33.0
3436,330.0
3437,166.0
3440,166.0
3441,166.0
3438,181.0
3444,264.0
3445,1204.0
6225,1.0
6724,1.0
6920,1.0
7222,17.0
3448,148.0
3449,1652.0
3450,1378.0
3451,1649.0
4880,1.0
5306,149.0
5471,1.0
6054,1.0
6826,1.0
3457,1651.0
5363,1.0
3462,1561.0
3466,1155.0
3467,1.0
3468,34.0
3469,1321.0
3470,1152.0
3472,933.0
3471,101.0
3475,166.0
3481,1026.0
3482,1152.0
3477,1534.0
3478,1510.0
3487,1.0
3488,694.0
3492,164.0
3493,1.0
3490,150.0
3494,1.0
3495,83.0
3427,1.0
3496,910.0
3491,115.0
2524,443.0
3497,1.0
3499,82.0
3500,1.0
3504,214.0
3509,149.0
3510,1.0
3515,99.0
3511,1.0
3512,663.0
3513,394.0
3514,1.0
3518,577.0
3519,1609.0
3521,1320.0
3522,1576.0
3523,1203.0
3524,1.0
3525,1166.0
3526,496.0
3527,1601.0
3386,857.0
3530,198.0
3531,133.0
3532,561.0
3535,230.0
3536,525.0
3539,315.0
3540,363.0
3542,463.0
3543,378.0
3508,826.0
3544,448.0
3545,149.0
3550,17.0
3551,17.0
3552,17.0
3553,706.0
3558,67.0
3560,1019.0
4481,1.0
3561,282.0
3563,214.0
3564,411.0
3565,248.0
3566,83.0
4265,1.0
6162,1.0
3569,1514.0
3577,134.0
3579,1.0
3578,1.0
3708,1.0
7708,1.0
3581,49.0
3582,99.0
3583,410.0
3584,83.0
3585,34.0
6680,1.0
3589,545.0
3528,1088.0
3591,774.0
3590,84.0
3593,1172.0
3594,250.0
3598,396.0
3595,49.0
3599,98.0
3600,792.0
3601,1581.0
3596,83.0
3597,1004.0
3602,297.0
3603,939.0
3605,51.0
3606,165.0
3610,380.0
3611,1296.0
3613,1.0
3618,181.0
3619,83.0
3620,1.0
3621,1.0
3622,1250.0
3624,1548.0
3625,116.0
3604,167.0
3628,17.0
3630,1369.0
3632,1.0
3633,1290.0
3636,647.0
3637,312.0
3638,1.0
3639,743.0
3640,1.0
3641,1649.0
3642,1652.0
6721,1.0
3649,1.0
3647,739.0
3651,1.0
3652,1.0
3654,17.0
3653,215.0
3655,448.0
3656,283.0
3657,231.0
3658,1482.0
3659,1419.0
3662,527.0
3663,150.0
3665,1274.0
3666,1649.0
3667,314.0
3668,1.0
3673,460.0
3674,199.0
3675,132.0
3676,81.0
3677,311.0
3678,1089.0
3682,1597.0
3683,496.0
3684,215.0
3685,298.0
3686,380.0
3692,820.0
3687,134.0
3688,461.0
3689,245.0
3690,215.0
3832,51.0
5481,1.0
7387,17.0
3693,167.0
3694,165.0
3695,182.0
3696,117.0
3697,50.0
3698,84.0
3700,166.0
3702,17.0
3703,34.0
3704,33.0
3705,231.0
3706,17.0
3707,49.0
3709,759.0
2067,166.0
3711,1.0
3712,1.0
3714,809.0
3715,180.0
3718,99.0
3719,875.0
3723,513.0
3722,228.0
3733,67.0
3571,1596.0
3725,444.0
3727,167.0
3728,1638.0
3729,824.0
3735,375.0
3730,164.0
3731,844.0
3742,330.0
3743,708.0
5133,1.0
3744,116.0
3746,166.0
3747,166.0
3749,494.0
3750,279.0
3751,726.0
3753,82.0
3754,639.0
3679,117.0
3757,181.0
3758,166.0
3759,165.0
3760,99.0
3761,200.0
3762,594.0
3763,296.0
3764,381.0
3765,99.0
3766,612.0
3767,708.0
3771,245.0
3774,1.0
3775,595.0
3777,493.0
4413,1.0
3779,332.0
3780,200.0
3781,99.0
3782,249.0
3784,83.0
3783,213.0
3786,1600.0
5778,1.0
2975,182.0
3791,133.0
3797,1.0
3795,1.0
3794,1534.0
3798,1203.0
3799,579.0
3801,51.0
3802,461.0
3805,1.0
3810,1.0
3814,1383.0
3815,875.0
3817,67.0
3823,116.0
3824,151.0
3827,99.0
3829,65.0
3821,82.0
3833,248.0
3834,85.0
3836,166.0
3837,182.0
3841,147.0
3839,541.0
3840,117.0
3844,1.0
3845,428.0
3848,1.0
3850,250.0
3851,378.0
3855,512.0
3858,66.0
3862,183.0
3863,380.0
3864,166.0
3865,231.0
3869,496.0
3870,67.0
3872,693.0
8038,1.0
3648,383.0
3876,149.0
3878,1.0
3877,969.0
3881,395.0
3882,1.0
3883,67.0
3886,1.0
3889,1.0
3890,67.0
3891,1.0
3894,34.0
3895,33.0
3896,17.0
3900,262.0
3901,1.0
3902,1449.0
3904,133.0
3905,232.0
3906,97.0
3907,67.0
3909,49.0
5588,1.0
3916,1566.0
3917,1395.0
3918,331.0
3920,562.0
3923,1.0
3924,347.0
3925,445.0
3927,34.0
3928,264.0
3929,84.0
3930,361.0
3931,50.0
3932,248.0
3935,1.0
3936,1.0
3941,1.0
3943,1.0
3944,1.0
3947,330.0
3945,83.0
3948,1254.0
3952,149.0
3953,164.0
3954,182.0
3955,233.0
3959,298.0
3960,1347.0
3961,956.0
4886,1.0
3964,99.0
3965,1652.0
3963,51.0
3966,1.0
3957,1.0
3968,1.0
7062,233.0
4966,1020.0
6257,1.0
6278,1.0
3977,773.0
3978,149.0
3979,181.0
3981,132.0
3987,118.0
3982,1055.0
3989,199.0
3983,332.0
3984,196.0
3990,234.0
3985,1274.0
3986,147.0
3991,445.0
3992,182.0
3997,134.0
3998,116.0
4000,264.0
4001,1400.0
4005,149.0
4006,197.0
4007,1039.0
4008,759.0
4010,1.0
4016,230.0
4015,279.0
4019,1.0
4020,511.0
4023,149.0
4025,1.0
4026,117.0
4027,149.0
4028,1.0
4034,328.0
4035,17.0
4036,1650.0
4038,1.0
6709,1.0
4039,627.0
4042,1085.0
7149,1.0
4991,1.0
4045,1649.0
4521,1.0
4046,1560.0
7257,1.0
4048,1.0
4050,1.0
4053,280.0
4056,1056.0
4057,231.0
4059,345.0
4061,164.0
4062,412.0
4063,1355.0
4077,1650.0
4064,215.0
4066,693.0
4067,133.0
4069,197.0
4079,133.0
4070,1650.0
4073,1633.0
5274,1.0
4074,1316.0
4075,165.0
4080,66.0
4083,1.0
4082,563.0
4085,1.0
4089,278.0
4090,1.0
4091,1.0
4092,1.0
4095,165.0
4096,99.0
4097,117.0
4100,165.0
4108,18.0
4104,166.0
4105,1.0
4109,34.0
4106,33.0
4107,17.0
4116,461.0
4119,580.0
4120,295.0
4121,314.0
4076,1641.0
6858,1.0
4122,183.0
4123,1123.0
4125,117.0
4126,281.0
4128,560.0
4237,1.0
4129,99.0
4130,233.0
4131,149.0
4132,133.0
4133,330.0
4135,393.0
4136,1219.0
4137,330.0
4139,166.0
4140,412.0
4141,528.0
4142,1319.0
4143,150.0
4144,1614.0
4145,214.0
4146,182.0
4147,232.0
4148,412.0
4149,181.0
4150,957.0
4151,1627.0
4152,1595.0
4153,197.0
4154,133.0
4159,247.0
4163,98.0
4164,134.0
4165,34.0
4166,49.0
4155,347.0
4167,1.0
4168,1.0
4169,233.0
4170,1.0
4174,1.0
4176,1.0
4177,1.0
4178,66.0
4180,1.0
3819,609.0
4184,132.0
4185,182.0
4186,640.0
4187,709.0
4190,116.0
4194,99.0
4192,394.0
4195,1.0
4197,477.0
4198,17.0
4200,249.0
4207,1.0
4208,33.0
4202,1.0
4203,1.0
4204,1.0
3995,1598.0
4209,17.0
4205,297.0
4210,17.0
4206,16.0
5362,1.0
4215,149.0
4213,292.0
4214,841.0
4217,1.0
4222,1398.0
4223,675.0
4224,741.0
4221,1517.0
4225,131.0
4228,279.0
4232,83.0
4093,1.0
4236,1.0
4238,165.0
4240,1.0
4243,1.0
4244,1.0
4241,1.0
4242,1.0
4245,148.0
4246,1.0
4248,132.0
4249,117.0
4250,165.0
4251,115.0
4252,447.0
4229,379.0
4255,674.0
4257,99.0
4259,1.0
4260,1.0
4267,17.0
4275,328.0
4273,873.0
7315,1.0
213,182.0
4277,150.0
4274,116.0
4278,280.0
4279,166.0
4280,196.0
4282,379.0
4283,1.0
4284,1.0
4285,1.0
4291,100.0
4292,425.0
4295,1037.0
4296,1.0
4304,1.0
4305,1.0
4308,461.0
4306,18.0
4307,82.0
4312,428.0
4313,478.0
4314,331.0
4316,773.0
4317,297.0
4318,378.0
4319,413.0
4320,248.0
4321,130.0
4324,772.0
4325,181.0
4326,300.0
4327,214.0
4328,117.0
4329,842.0
4333,166.0
4334,83.0
4336,117.0
4337,83.0
4345,1.0
4346,1.0
4340,1.0
4342,381.0
4343,478.0
4347,1203.0
7952,1.0
8090,1.0
4344,1.0
4348,1.0
4352,84.0
4353,1631.0
4354,432.0
4357,149.0
4358,133.0
4360,1.0
4364,1222.0
4362,1.0
4363,1269.0
4366,216.0
2028,101.0
4368,1.0
4369,147.0
4371,397.0
4370,1.0
4372,1.0
4375,343.0
4377,661.0
4378,1.0
4383,181.0
4379,412.0
4380,1.0
4381,1.0
4382,1.0
4393,1.0
4394,1.0
4399,1.0
4322,1.0
4395,181.0
4396,1.0
4397,1.0
4398,400.0
4404,34.0
4408,117.0
4405,114.0
4414,1.0
4415,1153.0
4416,742.0
4423,1.0
4425,197.0
4426,528.0
4427,133.0
4428,745.0
4429,791.0
4430,412.0
4431,413.0
4433,1333.0
4434,133.0
4436,116.0
4437,1598.0
4438,379.0
4439,248.0
4440,460.0
4442,1115.0
4443,661.0
4444,116.0
4445,132.0
4446,280.0
4447,789.0
4449,1.0
4451,493.0
4452,1.0
4450,1.0
4454,180.0
4455,1023.0
4539,1.0
4456,283.0
4457,264.0
4458,34.0
4459,393.0
4460,167.0
4461,18.0
2047,1.0
4462,1.0
4464,49.0
4465,233.0
4467,18.0
4469,165.0
4470,33.0
4473,1.0
4474,198.0
4477,83.0
4476,314.0
8139,1.0
4478,1.0
4475,1.0
4479,1.0
7292,1.0
4493,83.0
4486,1154.0
5726,1.0
4494,164.0
4495,166.0
5955,1.0
4489,1103.0
4490,215.0
4496,349.0
4491,231.0
4497,66.0
4504,296.0
4502,149.0
4503,99.0
4492,166.0
4508,115.0
4509,627.0
4511,953.0
4498,67.0
4516,17.0
4523,17.0
4524,560.0
4526,117.0
4533,99.0
4535,231.0
4538,115.0
4540,1.0
4541,1.0
4542,278.0
4544,1.0
7434,1.0
4543,149.0
4545,117.0
5434,1.0
5570,1.0
4553,314.0
4554,99.0
4555,49.0
4556,150.0
4560,332.0
4563,544.0
4564,1562.0
4565,115.0
4566,167.0
4567,280.0
4568,149.0
4569,1.0
4575,1.0
4576,706.0
4577,100.0
4581,214.0
4582,302.0
4586,496.0
4592,230.0
4593,18.0
4594,99.0
4595,396.0
4596,99.0
4597,132.0
4598,1582.0
4599,133.0
4602,232.0
4601,99.0
4603,1.0
4608,83.0
4607,67.0
4609,213.0
2841,100.0
4611,181.0
4612,1.0
4615,1.0
4616,346.0
4617,1.0
4618,347.0
4619,1.0
4622,149.0
4623,298.0
4624,131.0
4629,84.0
4626,660.0
4627,114.0
4630,430.0
4487,1202.0
4633,873.0
4636,84.0
4638,1.0
4640,215.0
4641,131.0
4644,84.0
4649,67.0
4651,363.0
4652,611.0
4655,265.0
4635,33.0
4659,311.0
4660,66.0
4663,658.0
4664,443.0
4647,837.0
4665,628.0
8043,1.0
4672,99.0
4667,82.0
4673,1602.0
4668,100.0
4669,745.0
4670,33.0
4671,297.0
4674,165.0
4681,1148.0
4683,131.0
4682,843.0
4686,1512.0
4688,1596.0
4693,100.0
4692,117.0
4694,150.0
4695,164.0
4696,167.0
4697,51.0
4698,149.0
4699,151.0
4700,100.0
4701,115.0
4702,117.0
4703,116.0
4704,84.0
4705,199.0
4707,116.0
4708,98.0
4710,462.0
4711,180.0
4714,247.0
4716,1.0
2621,331.0
4718,1317.0
4721,230.0
4720,165.0
4723,83.0
4725,1268.0
4726,921.0
4727,1.0
4733,150.0
4736,1.0
4675,1.0
4742,180.0
4737,83.0
5838,1.0
4738,1.0
4739,693.0
4743,1.0
4745,115.0
4740,1.0
4744,133.0
4746,985.0
4741,66.0
4749,150.0
4750,347.0
4751,377.0
4754,115.0
4752,132.0
4753,101.0
4755,83.0
4756,1350.0
4757,380.0
4759,149.0
4760,496.0
4761,181.0
4762,213.0
4763,115.0
4765,216.0
4771,232.0
4766,165.0
4773,1.0
4774,742.0
4782,66.0
4785,17.0
4787,34.0
4788,776.0
4789,34.0
4790,34.0
7909,1.0
4793,67.0
4794,67.0
4799,216.0
4800,181.0
4803,1.0
4804,1.0
4805,83.0
4806,1.0
4807,1.0
4810,1.0
4813,1482.0
4816,99.0
4817,83.0
4818,1288.0
4819,1.0
4821,130.0
4823,33.0
5310,1.0
4825,133.0
4826,17.0
4829,1582.0
6856,1.0
4830,1.0
4832,395.0
4857,166.0
4833,645.0
4834,148.0
4835,215.0
4836,264.0
4837,214.0
4838,182.0
4839,150.0
4840,476.0
4858,230.0
4841,200.0
4842,117.0
4843,1251.0
4844,314.0
4859,1437.0
4860,197.0
4845,181.0
4847,198.0
4848,165.0
4849,248.0
4850,200.0
4861,165.0
4862,430.0
4851,396.0
4852,361.0
4863,115.0
4853,542.0
4854,378.0
4855,214.0
4856,150.0
4867,1.0
4868,1.0
4873,1.0
4801,1.0
4871,1.0
4869,1.0
4874,117.0
4870,51.0
4872,1.0
7557,1.0
4881,397.0
4882,293.0
4883,315.0
4885,414.0
4889,68.0
4890,116.0
4891,594.0
4893,558.0
4894,1567.0
6088,1.0
4898,576.0
4900,66.0
4901,84.0
4903,199.0
4904,150.0
4905,49.0
4923,331.0
4906,183.0
4908,117.0
4924,790.0
4909,17.0
4910,216.0
4911,132.0
4912,149.0
4913,116.0
4914,279.0
4915,313.0
4916,67.0
4917,83.0
4918,82.0
4925,248.0
4919,100.0
4920,151.0
4926,347.0
4921,49.0
4922,165.0
4931,83.0
4932,247.0
4933,413.0
8028,1.0
4935,150.0
4936,166.0
4937,708.0
4943,1382.0
4945,197.0
4947,559.0
4948,1653.0
4950,17.0
4951,1.0
4952,199.0
4957,67.0
4960,478.0
4963,858.0
7204,1.0
7243,1.0
4965,81.0
4967,1648.0
5880,1.0
6661,1.0
6950,1.0
4969,100.0
4970,498.0
4971,196.0
4972,182.0
4973,528.0
4974,1469.0
7642,199.0
4975,298.0
4976,1054.0
2346,216.0
4978,1.0
4979,34.0
4982,1441.0
4985,18.0
4988,1071.0
4989,641.0
4995,133.0
4996,66.0
4864,299.0
5000,151.0
5001,182.0
5003,263.0
5005,165.0
4897,131.0
5006,1318.0
5008,1117.0
5009,789.0
5010,363.0
5011,779.0
5013,496.0
5016,674.0
5017,812.0
5018,181.0
5019,148.0
5024,163.0
5029,1272.0
5031,34.0
5032,99.0
5035,33.0
5036,230.0
5038,200.0
5039,565.0
5040,197.0
5046,348.0
5047,133.0
5048,562.0
5051,362.0
5052,1.0
5053,1431.0
5054,1.0
5057,1.0
5059,810.0
7318,1.0
5060,232.0
5062,1.0
5063,1.0
5065,17.0
5069,576.0
5067,117.0
5068,628.0
5071,67.0
5077,17.0
5078,166.0
5145,1.0
6778,1.0
8277,1.0
5080,149.0
5081,314.0
5084,1.0
5085,232.0
5086,1.0
5087,1.0
5088,1.0
5089,528.0
5090,1.0
5091,1.0
5095,200.0
5097,1.0
5099,872.0
5098,168.0
7297,1.0
7365,163.0
5102,1499.0
6681,1.0
5104,264.0
5105,51.0
5109,197.0
5111,608.0
5110,1643.0
5112,115.0
5114,150.0
5665,1.0
5116,230.0
5117,247.0
5118,924.0
5119,953.0
5122,1.0
5127,1.0
5128,1.0
5129,1.0
5124,1.0
5125,1484.0
5050,810.0
5126,164.0
5135,148.0
5136,148.0
5138,1.0
5139,660.0
5142,397.0
5150,887.0
5151,233.0
5152,85.0
5153,380.0
5154,34.0
5158,33.0
5159,34.0
5160,479.0
5161,67.0
5167,1.0
5163,17.0
5164,100.0
5166,1481.0
5171,1569.0
5172,1381.0
5173,1626.0
5174,689.0
5175,1532.0
5177,1643.0
7653,1.0
5180,1470.0
5181,1301.0
5183,100.0
5184,1633.0
5185,1644.0
5186,214.0
5187,1172.0
5754,1.0
7498,1.0
7913,1.0
5190,1621.0
5191,876.0
5192,164.0
5194,549.0
5195,198.0
5196,1283.0
5197,232.0
5198,660.0
5201,577.0
7520,215.0
5202,99.0
5203,860.0
5207,560.0
5209,1.0
5213,83.0
5214,66.0
5216,1.0
5217,1389.0
5218,1.0
5219,17.0
5220,1.0
5221,18.0
5224,1.0
8058,1.0
5227,1.0
5228,1.0
5225,1.0
5229,1.0
5230,1.0
5232,200.0
5238,298.0
5242,1.0
5244,1.0
5241,17.0
5243,1118.0
5250,785.0
5247,34.0
5248,197.0
5249,1.0
5252,1.0
5251,1.0
5261,265.0
4407,148.0
5265,133.0
5275,148.0
5276,541.0
5277,116.0
5278,181.0
5280,1.0
5281,1.0
5282,67.0
5283,115.0
5287,1.0
5284,1.0
5286,494.0
5290,165.0
5291,182.0
5294,132.0
5299,116.0
5300,117.0
5313,922.0
5314,116.0
5315,213.0
5316,1231.0
5317,1116.0
5320,690.0
5322,149.0
5324,477.0
5328,1.0
5329,1.0
5330,1.0
5333,247.0
5332,34.0
5334,282.0
5336,1.0
5339,692.0
5337,33.0
5342,1203.0
5343,232.0
5344,396.0
5345,1.0
5346,17.0
5347,133.0
5348,18.0
5352,545.0
5353,34.0
5355,1.0
4591,297.0
5356,99.0
5357,147.0
5358,167.0
5264,494.0
5360,809.0
5361,282.0
5365,182.0
5366,166.0
5367,116.0
5370,1.0
5371,1.0
5372,1.0
5373,1.0
5374,1.0
5376,1.0
5377,1.0
5380,114.0
5381,116.0
5382,1020.0
5385,50.0
5386,196.0
5390,199.0
5391,1495.0
5395,34.0
5397,1.0
5398,132.0
5405,198.0
5399,613.0
5400,230.0
5401,296.0
5413,1.0
5414,1.0
5416,1.0
5418,99.0
5424,264.0
5419,590.0
5422,82.0
5427,1336.0
5428,281.0
5429,1.0
5431,84.0
5435,50.0
5436,116.0
5438,180.0
5440,149.0
5643,1.0
7359,1.0
5446,942.0
5447,51.0
5448,100.0
5456,181.0
5455,542.0
5460,1.0
5461,1.0
5468,530.0
5472,1036.0
5473,34.0
5474,626.0
5475,116.0
5476,17.0
5477,17.0
5478,594.0
5480,313.0
5483,131.0
5485,1184.0
5486,67.0
5488,83.0
5489,433.0
5490,68.0
5491,131.0
5494,18.0
5495,214.0
5496,17.0
5462,862.0
5497,33.0
5501,50.0
5504,165.0
5505,1.0
5507,1.0
5508,1.0
5510,16.0
5512,115.0
5515,622.0
5516,165.0
5517,66.0
5518,97.0
5519,198.0
5520,245.0
5521,281.0
5522,100.0
5523,116.0
7740,1.0
5525,132.0
5526,692.0
5530,67.0
5531,1645.0
5528,463.0
5532,1184.0
5534,872.0
5535,196.0
5536,414.0
5537,131.0
5193,992.0
5540,17.0
5541,34.0
5542,165.0
5544,150.0
5548,98.0
5549,889.0
5550,458.0
5551,182.0
5554,148.0
5552,644.0
5553,1399.0
5555,134.0
5558,1.0
5561,1.0
5562,609.0
5565,412.0
5566,99.0
5567,1.0
5571,50.0
5572,1.0
5573,84.0
5577,577.0
5576,183.0
5578,1.0
5579,66.0
5580,98.0
5581,180.0
5583,99.0
5587,1.0
5589,756.0
5591,1075.0
5594,34.0
5595,66.0
5598,1.0
5599,1.0
5600,627.0
5601,248.0
5602,1.0
5603,1.0
5604,475.0
5606,1132.0
5607,82.0
5608,607.0
5612,1628.0
5609,148.0
5610,298.0
5611,199.0
5613,83.0
5615,280.0
5616,958.0
5617,1072.0
5622,50.0
5396,526.0
5627,229.0
5782,1.0
5625,149.0
5628,133.0
5629,116.0
5633,66.0
5644,1102.0
5636,1.0
5645,1.0
5646,99.0
5648,1.0
5649,1.0
5652,1.0
5653,17.0
7246,1.0
7273,1.0
7534,1.0
5656,218.0
5657,246.0
5658,578.0
5659,132.0
5660,249.0
5661,198.0
5662,83.0
5668,413.0
5647,778.0
5666,610.0
5667,133.0
5669,98.0
5670,199.0
5674,1.0
5675,611.0
5676,1.0
5678,1.0
5679,1.0
5682,1.0
5686,282.0
5685,132.0
5687,232.0
5688,147.0
5689,1.0
5690,1.0
5691,1436.0
5692,1173.0
5695,216.0
5698,82.0
5696,1522.0
5702,628.0
5703,98.0
5704,182.0
5708,578.0
5707,181.0
5710,1.0
5711,1.0
5712,1.0
5717,248.0
5718,183.0
5720,165.0
5722,133.0
5729,1.0
5730,1.0
5731,1.0
5733,99.0
5735,1.0
5741,707.0
4418,1.0
5744,1.0
5746,132.0
5750,249.0
5747,266.0
5748,66.0
5749,329.0
5751,17.0
5752,33.0
5755,1.0
5761,724.0
5763,460.0
5764,133.0
5765,165.0
5766,1.0
5767,1.0
5768,464.0
5769,412.0
5770,328.0
5771,591.0
5774,197.0
5781,164.0
5783,1068.0
5785,181.0
5786,148.0
5787,1317.0
5788,328.0
5789,1.0
5794,1.0
5796,1633.0
5797,330.0
7583,1.0
8271,50.0
5803,231.0
6756,1.0
7533,1.0
5805,726.0
5808,511.0
5810,1303.0
5813,83.0
6987,1.0
7508,1.0
5815,133.0
6871,1.0
5816,1571.0
5820,1053.0
5821,1243.0
7690,1.0
5823,215.0
5833,1.0
5834,216.0
5842,1.0
5840,1.0
5841,1.0
5836,513.0
5846,1.0
5852,33.0
5853,1.0
5854,18.0
3788,200.0
5855,625.0
5856,266.0
5857,1619.0
5859,283.0
5861,115.0
5862,1252.0
5864,1.0
5866,1.0
5868,18.0
7506,1.0
5873,397.0
5874,65.0
5875,67.0
5876,83.0
5877,364.0
5878,149.0
5883,163.0
5884,84.0
5885,1.0
5888,1.0
5889,1.0
5890,316.0
5590,560.0
5892,248.0
5895,199.0
5896,678.0
5899,365.0
5070,199.0
5903,182.0
4767,952.0
5907,230.0
5911,149.0
5908,810.0
5909,164.0
5913,573.0
5915,1535.0
5916,445.0
4927,165.0
5914,147.0
5917,201.0
5919,82.0
5920,265.0
5921,248.0
5923,83.0
5924,1.0
5927,298.0
5930,133.0
5934,1403.0
5935,494.0
5937,99.0
5938,99.0
5942,101.0
5939,82.0
5940,380.0
5941,1.0
5944,1.0
5945,412.0
5946,117.0
5952,626.0
5962,1.0
5964,1.0
5958,164.0
5966,464.0
5959,1.0
5960,330.0
5093,1.0
5961,727.0
5970,1.0
5971,1.0
5981,778.0
5982,166.0
5983,84.0
5984,639.0
5985,148.0
5986,148.0
5987,199.0
5988,281.0
5989,165.0
5990,168.0
5992,1.0
5993,230.0
5997,83.0
6791,1.0
5967,115.0
5999,991.0
8276,1.0
6005,17.0
6003,17.0
6641,1.0
6007,344.0
6013,50.0
4409,165.0
6014,99.0
6015,66.0
6016,432.0
6017,131.0
6018,50.0
6019,49.0
6020,1188.0
6024,860.0
6022,1.0
6002,1.0
6025,1.0
6026,132.0
6028,115.0
6030,165.0
6031,197.0
5978,164.0
6033,165.0
6034,215.0
6036,132.0
6037,114.0
6035,182.0
6038,397.0
6039,1.0
6042,67.0
6045,493.0
6046,168.0
6048,165.0
6049,282.0
6050,148.0
6051,130.0
6052,133.0
6053,200.0
6056,1.0
6057,1.0
6058,1.0
6060,199.0
6061,214.0
6062,165.0
6063,197.0
6064,261.0
6066,116.0
6070,330.0
6071,100.0
6072,1289.0
6067,149.0
6068,1237.0
6069,362.0
6073,101.0
6074,66.0
6075,1007.0
6077,1.0
6079,1.0
6081,314.0
6082,906.0
6089,1.0
6090,1.0
6091,132.0
6092,182.0
6093,393.0
6100,1.0
6101,1.0
6108,248.0
6116,98.0
6112,1.0
6113,1.0
6114,164.0
6118,196.0
6119,396.0
6120,84.0
6121,215.0
6126,622.0
6129,101.0
6128,265.0
6127,265.0
6133,282.0
6134,410.0
6135,51.0
6141,1.0
6142,1.0
6143,1.0
6144,1.0
6145,1.0
6146,759.0
6147,1.0
6150,50.0
6152,99.0
6153,133.0
6155,116.0
6158,147.0
6157,262.0
6160,232.0
6165,1.0
6168,166.0
6169,312.0
6175,197.0
6176,218.0
6177,262.0
6178,133.0
6179,578.0
6180,132.0
6196,281.0
6197,231.0
6181,134.0
6182,346.0
6183,99.0
6184,233.0
6185,133.0
6186,164.0
6187,231.0
388,148.0
6188,199.0
6199,132.0
6200,509.0
6201,281.0
6202,363.0
6203,182.0
6204,691.0
6190,247.0
6205,100.0
6206,166.0
6207,462.0
6191,149.0
6192,147.0
6208,316.0
6193,149.0
6212,33.0
6213,312.0
6214,1.0
6215,1.0
6216,245.0
6217,1230.0
6219,115.0
6220,793.0
6224,115.0
6222,133.0
6223,969.0
6230,67.0
6228,134.0
6232,511.0
6236,1.0
6239,184.0
6240,18.0
7590,1.0
6242,248.0
6244,1.0
6245,462.0
6247,99.0
6248,789.0
6252,1.0
6253,1.0
6254,1.0
6258,1.0
6259,1.0
6263,346.0
6264,1.0
6265,1.0
6266,1.0
6267,1.0
6271,461.0
6273,1.0
6274,331.0
6275,1.0
6276,1.0
6282,1.0
6281,1.0
6286,394.0
6287,166.0
6288,132.0
6291,1.0
6292,1.0
6293,1.0
6294,1.0
6297,1.0
6295,266.0
6301,1.0
6304,1.0
6312,165.0
6313,165.0
6314,529.0
6315,83.0
6319,100.0
6132,83.0
6317,461.0
6324,563.0
6325,430.0
6326,280.0
6331,132.0
6332,17.0
6333,67.0
6339,282.0
6346,1073.0
6348,198.0
6349,115.0
6350,132.0
4406,67.0
5995,215.0
6355,99.0
6356,248.0
6359,1637.0
6298,215.0
6366,1.0
6351,165.0
6371,217.0
6374,82.0
6375,115.0
6377,777.0
6378,84.0
6379,34.0
6380,99.0
6381,18.0
7215,1.0
6383,248.0
6387,1.0
5965,149.0
6389,1.0
6391,1.0
6392,1.0
6393,1.0
6394,577.0
6399,1.0
6395,1.0
6396,1.0
6397,1.0
6398,974.0
6406,51.0
6408,1.0
6410,83.0
6411,131.0
6412,100.0
6413,150.0
6415,230.0
6416,279.0
6983,1.0
6423,18.0
6426,1.0
6429,100.0
6428,345.0
6430,1.0
6431,1.0
6436,17.0
6439,1.0
6440,278.0
6443,1616.0
6444,216.0
6448,166.0
6445,428.0
850,216.0
6446,100.0
6450,148.0
6451,99.0
6452,134.0
6453,132.0
6454,132.0
6455,67.0
6456,296.0
6457,115.0
6459,166.0
6461,541.0
6466,34.0
6467,705.0
6468,34.0
6469,67.0
6470,1.0
6471,165.0
6477,66.0
6479,970.0
6478,180.0
6480,1.0
6483,990.0
6484,575.0
6485,1.0
6486,1553.0
6487,300.0
6488,1220.0
6489,1.0
6490,117.0
6492,115.0
6493,1.0
6494,1628.0
8025,1.0
6495,1.0
6497,1.0
6500,675.0
6502,561.0
6504,378.0
6506,133.0
6507,198.0
6508,115.0
6509,132.0
6510,1381.0
6513,83.0
6514,114.0
6515,82.0
6516,115.0
6517,179.0
6518,1386.0
6519,33.0
6520,216.0
6521,17.0
6522,1091.0
6524,397.0
6525,826.0
6526,544.0
6527,1.0
6460,1533.0
7765,1.0
6533,17.0
6534,1.0
6537,84.0
6535,33.0
6538,659.0
6539,1.0
6536,1.0
6541,34.0
6542,17.0
6544,196.0
6545,393.0
6546,248.0
6547,247.0
6548,658.0
6550,510.0
6561,182.0
6565,1.0
6572,34.0
6573,1.0
6574,1.0
6575,1.0
6563,1480.0
7840,1.0
6577,560.0
6578,116.0
6579,115.0
6580,65.0
6586,165.0
6581,100.0
6582,99.0
6583,115.0
6587,66.0
6584,133.0
6588,115.0
6585,100.0
6598,246.0
6601,1.0
6602,1.0
6603,1.0
6604,1.0
6605,559.0
6607,380.0
6608,1125.0
6612,300.0
6619,1608.0
6614,346.0
6615,1646.0
6616,1073.0
6617,132.0
6622,215.0
6623,1.0
6625,100.0
6627,1352.0
6626,480.0
6630,132.0
5943,148.0
6636,34.0
6633,34.0
6635,497.0
6639,1.0
6643,183.0
6644,165.0
6645,264.0
6646,378.0
6647,163.0
6655,527.0
6648,233.0
6649,1320.0
6650,165.0
6651,116.0
6652,50.0
6653,149.0
6654,98.0
6656,100.0
6657,574.0
6658,180.0
6609,511.0
6660,1.0
6551,165.0
6666,316.0
6671,181.0
6672,164.0
6673,99.0
6674,132.0
6675,100.0
6676,593.0
6677,133.0
6678,132.0
6679,83.0
6683,1.0
6684,1.0
6687,1.0
6688,1.0
6689,1.0
6690,1.0
6695,17.0
6696,32.0
6697,1.0
6698,1.0
6701,1.0
6702,743.0
6703,99.0
6705,182.0
6706,214.0
6710,114.0
6711,379.0
6713,377.0
6718,1.0
6717,215.0
6719,229.0
6727,116.0
6728,166.0
6729,99.0
6730,83.0
6731,99.0
6732,181.0
6734,133.0
6735,1.0
6738,1.0
6744,183.0
6745,1.0
6746,197.0
6749,66.0
6751,1.0
6757,1.0
6726,645.0
6752,133.0
6753,133.0
6758,512.0
6760,297.0
6761,134.0
6764,115.0
6766,483.0
6767,232.0
6768,50.0
6771,234.0
8021,33.0
6775,198.0
6773,133.0
6779,262.0
6781,593.0
6782,34.0
6787,1.0
6793,116.0
6794,132.0
6795,133.0
6797,100.0
6798,133.0
6800,165.0
6801,265.0
6802,18.0
6804,279.0
6808,17.0
6807,34.0
6810,65.0
6812,34.0
6811,50.0
6815,182.0
6816,100.0
6818,180.0
6819,67.0
5269,33.0
6821,50.0
6822,148.0
6824,1.0
6776,262.0
6828,1.0
6829,117.0
6834,50.0
6835,18.0
6836,17.0
6837,147.0
6841,117.0
6842,148.0
6843,149.0
6844,117.0
6845,1.0
6846,83.0
6848,708.0
6847,1.0
6852,1.0
6854,116.0
6859,477.0
6620,1600.0
6861,115.0
6862,116.0
6863,132.0
6864,281.0
6866,214.0
6867,564.0
6865,1087.0
6870,297.0
6876,149.0
6877,183.0
6878,149.0
6880,250.0
6881,117.0
6883,511.0
6884,17.0
6885,743.0
6747,313.0
6886,463.0
5410,130.0
6895,280.0
6896,248.0
6899,264.0
6900,1338.0
6902,1088.0
6903,1.0
6905,166.0
6915,166.0
6906,1516.0
6908,182.0
6909,132.0
2415,643.0
6910,148.0
6916,1321.0
6911,544.0
6912,343.0
6921,216.0
6922,165.0
6926,1.0
6927,17.0
6928,1.0
6929,1.0
6935,300.0
6936,313.0
6940,1.0
6941,1585.0
6943,214.0
6949,283.0
6947,32.0
6954,1.0
7636,1.0
7881,1.0
7991,1.0
8007,1.0
6959,593.0
6692,396.0
6958,181.0
6960,165.0
6961,249.0
6962,182.0
6963,166.0
6968,181.0
6969,84.0
6316,1040.0
6971,610.0
6972,213.0
6974,149.0
6975,681.0
6978,1.0
6981,1.0
6984,410.0
6985,1.0
6990,34.0
6991,956.0
6995,116.0
6996,1.0
6998,182.0
6999,165.0
7000,134.0
7001,198.0
7002,83.0
7003,147.0
7004,98.0
7006,83.0
7007,167.0
7008,165.0
7009,232.0
7010,98.0
7011,231.0
7013,84.0
7014,164.0
7015,50.0
7016,196.0
7017,149.0
7018,117.0
7019,578.0
7020,166.0
7022,83.0
7024,426.0
7025,117.0
7026,444.0
7027,99.0
7028,133.0
7029,230.0
7031,1.0
7033,1.0
7032,1.0
7035,263.0
7036,248.0
7037,49.0
7041,1.0
7043,85.0
7044,1.0
7051,1.0
7045,1268.0
7053,1102.0
7046,940.0
7055,1567.0
7048,1.0
7056,1174.0
7049,807.0
7057,1627.0
7030,398.0
7061,183.0
7064,266.0
7065,181.0
7038,497.0
7072,1.0
7070,1.0
7071,116.0
7079,67.0
7080,1450.0
7797,1.0
7082,1.0
7085,67.0
7087,67.0
7086,1567.0
7084,132.0
7090,806.0
5015,494.0
7089,84.0
7096,495.0
7095,17.0
7098,1.0
7099,1105.0
7100,724.0
7103,1.0
7104,986.0
7106,215.0
7107,1.0
7109,1.0
7111,1.0
7112,1.0
7113,446.0
7114,1.0
7118,1.0
7117,480.0
7121,510.0
7123,1.0
7122,17.0
7124,65.0
7125,82.0
7127,129.0
7128,200.0
7129,465.0
7136,99.0
7130,346.0
7137,33.0
7126,281.0
7132,1256.0
7133,50.0
7138,34.0
7134,165.0
7139,230.0
7140,49.0
7135,68.0
6986,1.0
7142,198.0
7145,1.0
7151,165.0
7153,675.0
7154,165.0
7155,133.0
7156,130.0
7157,214.0
7160,184.0
7158,164.0
7159,182.0
7163,1.0
7164,267.0
7165,17.0
7166,1.0
7167,1.0
7172,102.0
7173,199.0
7174,115.0
7175,283.0
7178,199.0
7179,116.0
7176,331.0
7177,167.0
7183,600.0
7184,117.0
7187,180.0
7188,595.0
7189,232.0
7190,1.0
7191,1.0
7192,1.0
7193,1.0
6889,67.0
7194,1.0
7195,1.0
7197,17.0
7198,133.0
7203,182.0
7205,1.0
7206,116.0
7210,1.0
7211,1.0
7212,1.0
7217,82.0
7219,200.0
7218,99.0
7220,182.0
7221,117.0
7223,132.0
7226,50.0
7227,513.0
7228,395.0
7229,117.0
5143,789.0
7230,282.0
7231,1632.0
7232,133.0
7234,149.0
7235,164.0
7236,1028.0
7239,877.0
7240,1.0
7241,1168.0
7245,164.0
7251,132.0
7252,133.0
7253,266.0
7255,17.0
7260,216.0
7265,165.0
7266,632.0
7267,99.0
7268,100.0
7269,147.0
7270,199.0
7271,326.0
7276,496.0
7278,100.0
7282,34.0
7283,34.0
7284,82.0
7285,33.0
7286,17.0
7287,1.0
7291,1.0
7293,627.0
5949,395.0
7296,148.0
7298,231.0
7299,98.0
7300,83.0
7302,163.0
7305,197.0
7171,480.0
7309,33.0
7310,34.0
7317,412.0
7320,1.0
7294,1467.0
7326,151.0
7327,395.0
7281,333.0
7329,84.0
7333,99.0
7330,230.0
7332,232.0
7335,708.0
7336,99.0
7337,150.0
7342,66.0
7345,17.0
7343,594.0
7344,150.0
7347,1.0
7348,1.0
7349,1.0
7350,809.0
7352,878.0
7353,1.0
7354,279.0
7355,1.0
7360,1.0
7363,67.0
7371,1.0
7374,33.0
7377,1.0
7379,346.0
7380,181.0
7357,281.0
7199,132.0
7382,116.0
7383,214.0
7390,1021.0
7392,100.0
7321,165.0
7394,132.0
7170,66.0
7401,196.0
7402,331.0
7403,117.0
7404,99.0
7405,627.0
7409,708.0
7413,166.0
7416,1.0
7417,67.0
7418,216.0
7419,33.0
7420,17.0
7421,249.0
7424,313.0
7425,464.0
7426,248.0
7427,116.0
7428,279.0
7429,51.0
7430,34.0
7431,100.0
7441,1.0
7444,1.0
6139,1.0
7448,1.0
7445,1.0
7446,1.0
7447,1.0
7451,82.0
7452,344.0
7453,133.0
7181,198.0
7180,298.0
7454,98.0
7455,295.0
7456,150.0
7457,82.0
7458,83.0
7459,148.0
7461,67.0
7462,67.0
7465,1.0
7467,1.0
7466,1.0
7473,1.0
7474,1.0
7468,1.0
7469,1.0
7476,1.0
7477,1.0
7470,1.0
4532,198.0
7480,135.0
7481,82.0
7482,116.0
7483,100.0
7484,314.0
7485,50.0
7486,83.0
7487,17.0
7492,67.0
7494,1.0
7495,1.0
7501,17.0
7502,66.0
7503,67.0
7505,1.0
7509,1.0
7471,612.0
7511,627.0
7514,281.0
7515,17.0
7513,1.0
7518,133.0
7376,328.0
7522,83.0
7523,247.0
7524,183.0
7525,167.0
7527,1.0
7528,1.0
7531,131.0
7538,115.0
7540,166.0
7535,116.0
7536,115.0
7537,148.0
7549,166.0
7545,1.0
7546,166.0
7550,1.0
7554,148.0
7563,1.0
7564,986.0
7415,513.0
7150,776.0
7565,34.0
7569,314.0
7570,150.0
7571,116.0
7572,150.0
7576,1.0
7577,1.0
7578,1173.0
8165,1.0
7579,514.0
7580,611.0
7581,1.0
7585,1.0
7586,282.0
7594,282.0
7595,183.0
7597,248.0
7598,1274.0
7599,181.0
7600,198.0
7602,1.0
7605,248.0
5910,147.0
7608,17.0
7610,1.0
7611,18.0
7613,33.0
7609,1.0
7614,1268.0
7615,1.0
7616,1.0
7617,1.0
7619,1.0
7623,199.0
7625,182.0
7626,132.0
7630,1.0
7629,1.0
7639,132.0
7638,231.0
7601,198.0
7644,1.0
7645,1.0
7986,1.0
7659,313.0
7660,1.0
7650,83.0
7661,263.0
7663,67.0
7664,165.0
7665,346.0
7670,17.0
7676,199.0
7677,479.0
7678,181.0
7679,1069.0
7682,955.0
7684,133.0
7685,428.0
7687,131.0
7686,99.0
7696,67.0
7697,431.0
7698,1.0
7703,199.0
7704,1.0
7705,1.0
7706,1.0
7715,231.0
7716,314.0
7719,315.0
6367,116.0
7717,215.0
7720,50.0
7721,50.0
7724,165.0
7728,1.0
7727,1019.0
7729,1.0
7732,1.0
7733,1269.0
7736,51.0
7737,34.0
7738,213.0
7741,1.0
7742,1.0
7743,529.0
7744,1354.0
7745,1.0
7747,395.0
7750,1.0
7751,1.0
7752,67.0
7753,1.0
7755,645.0
7756,51.0
7758,1.0
7759,148.0
7760,1.0
7761,1.0
7762,1.0
7766,448.0
7767,148.0
7768,432.0
7769,658.0
7770,17.0
7771,232.0
7772,510.0
7773,1.0
7774,960.0
7775,725.0
7777,1.0
7779,197.0
7780,265.0
7781,131.0
7782,116.0
7783,132.0
7789,17.0
7790,266.0
7792,432.0
7796,1.0
7800,1.0
7804,1.0
7801,1.0
7805,1.0
7802,1.0
7806,313.0
7808,692.0
7812,264.0
7814,82.0
7815,100.0
7818,640.0
7821,166.0
7822,66.0
7826,1.0
7827,1.0
7828,1.0
7829,148.0
7830,165.0
7831,266.0
7832,167.0
7834,116.0
7836,165.0
7837,165.0
7841,49.0
7842,264.0
7843,182.0
7844,313.0
7845,148.0
7848,101.0
7849,149.0
7852,134.0
7850,199.0
7851,216.0
6638,100.0
7853,1.0
7854,1.0
7856,265.0
7754,116.0
7863,233.0
7864,198.0
7865,922.0
7866,65.0
7867,1.0
7868,1.0
7870,1.0
7873,477.0
7875,280.0
7877,182.0
7878,1.0
7885,283.0
7883,17.0
7884,296.0
7886,1.0
7887,1.0
7888,1.0
7889,1.0
7891,183.0
7892,230.0
7893,82.0
7372,149.0
7894,183.0
7900,693.0
7901,893.0
7902,690.0
7903,198.0
7904,298.0
7905,1.0
7906,316.0
7907,333.0
7911,1.0
7869,1.0
7914,1.0
7915,18.0
7916,134.0
7919,34.0
7920,1.0
7922,1.0
7923,1.0
7925,1.0
7930,66.0
7929,312.0
7932,249.0
7933,331.0
7931,248.0
7934,133.0
7935,198.0
7937,99.0
7938,100.0
7939,82.0
7940,115.0
7941,67.0
7942,51.0
7944,82.0
7945,350.0
7948,67.0
7949,33.0
7950,1.0
7953,1.0
7954,17.0
7955,50.0
7956,82.0
7959,1.0
7960,1.0
7964,546.0
7966,99.0
7968,100.0
7969,165.0
7967,180.0
7970,49.0
7972,1.0
7973,1.0
7974,34.0
7975,18.0
7976,66.0
7978,1.0
7980,642.0
7981,1.0
7982,1.0
7985,165.0
7993,33.0
7995,1.0
7998,1.0
7999,1.0
8000,1.0
8001,1.0
8005,66.0
8006,1.0
8009,17.0
8010,34.0
8011,49.0
8012,279.0
8013,34.0
8014,1.0
8015,1.0
8020,1.0
8027,1.0
8035,180.0
8036,495.0
8040,1.0
8041,100.0
8045,214.0
8046,626.0
8047,677.0
8048,198.0
8049,83.0
8052,166.0
8053,579.0
8054,114.0
8055,1.0
8056,1.0
8057,1.0
8060,68.0
8061,199.0
8062,1.0
8063,1.0
8064,1.0
8065,1.0
8066,266.0
8069,183.0
8070,182.0
8071,117.0
8072,199.0
8074,1.0
8076,1.0
8075,1.0
8077,248.0
8080,1.0
8081,1.0
8023,33.0
8084,49.0
8085,527.0
8086,17.0
8087,50.0
8088,33.0
8089,1.0
8091,148.0
8092,213.0
8093,232.0
8094,166.0
8095,150.0
8096,133.0
8098,67.0
8099,82.0
8100,1.0
8101,83.0
8102,67.0
8108,83.0
8103,84.0
8104,17.0
8105,83.0
8111,33.0
8112,98.0
8106,132.0
8107,448.0
8114,84.0
8115,148.0
8109,99.0
8110,67.0
8118,1.0
8119,1.0
8120,1.0
8126,17.0
8131,1.0
8133,1.0
8135,1.0
8138,1.0
8136,1.0
8097,1.0
8137,1.0
8140,1.0
8142,1.0
8144,1.0
8145,34.0
8146,51.0
8147,1.0
8152,397.0
8153,66.0
8155,1.0
8156,266.0
8158,1.0
8159,1.0
8157,34.0
8161,1.0
8162,298.0
8166,49.0
8167,34.0
8170,1.0
8171,134.0
8172,1.0
8173,463.0
8177,1.0
7472,1.0
8179,1.0
8184,1.0
8180,1.0
8181,1.0
8182,1.0
8183,1.0
8187,99.0
8189,101.0
7861,213.0
8190,33.0
8193,1.0
8194,1.0
8195,1.0
8196,1.0
8197,1.0
8199,1.0
8202,82.0
8203,99.0
8206,100.0
8205,116.0
8211,413.0
8213,150.0
8215,17.0
8216,17.0
8221,1.0
8222,117.0
8231,34.0
8232,84.0
8233,34.0
8236,1.0
8214,1.0
8238,1.0
8241,115.0
8242,66.0
8243,413.0
8244,33.0
8245,17.0
8248,1.0
8229,1.0
8251,199.0
8252,17.0
8253,17.0
8254,1.0
8255,17.0
8256,34.0
8260,1.0
8261,1.0
8262,1.0
8264,50.0
8265,51.0
8266,17.0
7637,67.0
8270,50.0
8272,1.0
8273,1.0
8150,1.0
8274,1.0
Execution Time : 36875 s
